Frame,Alpha,Gamma,Temperature,Supersaturation,Area,Radius,Perimeter,dA_dt,dR_dt,dP_dt
1,1.0,0.0019,-14.0,0.095,1,0.0,1,1,0.0,1
2,1.0,0.0019,-14.0,0.095,1,0.0,1,0,0.0,0
3,1.0,0.0019,-14.0,0.095,1,0.0,1,0,0.0,0
4,1.0,0.0019,-14.0,0.095,1,0.0,1,0,0.0,0
5,1.0,0.0019,-14.0,0.095,1,0.0,1,0,0.0,0
6,1.0,0.0019,-14.0,0.095,1,0.0,1,0,0.0,0
7,1.0,0.0019,-14.0,0.095,1,0.0,1,0,0.0,0
8,1.0,0.0019,-14.0,0.095,1,0.0,1,0,0.0,0
9,1.0,0.0019,-14.0,0.095,7,1.4142135623730951,6,6,1.4142135623730951,5
10,1.0,0.0019,-14.0,0.095,7,1.4142135623730951,6,0,0.0,0
11,1.0,0.0019,-14.0,0.095,7,1.4142135623730951,6,0,0.0,0
12,1.0,0.0019,-14.0,0.095,7,1.4142135623730951,6,0,0.0,0
13,1.0,0.0019,-14.0,0.095,7,1.4142135623730951,6,0,0.0,0
14,1.0,0.0019,-14.0,0.095,7,1.4142135623730951,6,0,0.0,0
15,1.0,0.0019,-14.0,0.095,7,1.4142135623730951,6,0,0.0,0
16,1.0,0.0019,-14.0,0.095,7,1.4142135623730951,6,0,0.0,0
17,1.0,0.0019,-14.0,0.095,7,1.4142135623730951,6,0,0.0,0
18,1.0,0.0019,-14.0,0.095,7,1.4142135623730951,6,0,0.0,0
19,1.0,0.0019,-14.0,0.095,7,1.4142135623730951,6,0,0.0,0
20,1.0,0.0019,-14.0,0.095,7,1.4142135623730951,6,0,0.0,0
21,1.0,0.0019,-14.0,0.095,7,1.4142135623730951,6,0,0.0,0
22,1.0,0.0019,-14.0,0.095,13,2.23606797749979,11,6,0.8218544151266947,5
23,1.0,0.0019,-14.0,0.095,13,2.23606797749979,11,0,0.0,0
24,1.0,0.0019,-14.0,0.095,13,2.23606797749979,11,0,0.0,0
25,1.0,0.0019,-14.0,0.095,13,2.23606797749979,11,0,0.0,0
26,1.0,0.0019,-14.0,0.095,13,2.23606797749979,11,0,0.0,0
27,1.0,0.0019,-14.0,0.095,13,2.23606797749979,11,0,0.0,0
28,1.0,0.0019,-14.0,0.095,13,2.23606797749979,11,0,0.0,0
29,1.0,0.0019,-14.0,0.095,13,2.23606797749979,11,0,0.0,0
30,1.0,0.0019,-14.0,0.095,13,2.23606797749979,11,0,0.0,0
31,1.0,0.0019,-14.0,0.095,13,2.23606797749979,11,0,0.0,0
32,1.0,0.0019,-14.0,0.095,13,2.23606797749979,11,0,0.0,0
33,1.0,0.0019,-14.0,0.095,13,2.23606797749979,11,0,0.0,0
34,1.0,0.0019,-14.0,0.095,13,2.23606797749979,11,0,0.0,0
35,1.0,0.0019,-14.0,0.095,13,2.23606797749979,11,0,0.0,0
36,1.0,0.0019,-14.0,0.095,13,2.23606797749979,11,0,0.0,0
37,1.0,0.0019,-14.0,0.095,19,3.605551275463989,17,6,1.3694832979641993,6
38,1.0,0.0019,-14.0,0.095,19,3.605551275463989,17,0,0.0,0
39,1.0,0.0019,-14.0,0.095,19,3.605551275463989,17,0,0.0,0
40,1.0,0.0019,-14.0,0.095,19,3.605551275463989,17,0,0.0,0
41,1.0,0.0019,-14.0,0.095,19,3.605551275463989,17,0,0.0,0
42,1.0,0.0019,-14.0,0.095,19,3.605551275463989,17,0,0.0,0
43,1.0,0.0019,-14.0,0.095,19,3.605551275463989,17,0,0.0,0
44,1.0,0.0019,-14.0,0.095,19,3.605551275463989,17,0,0.0,0
45,1.0,0.0019,-14.0,0.095,19,3.605551275463989,17,0,0.0,0
46,1.0,0.0019,-14.0,0.095,19,3.605551275463989,17,0,0.0,0
47,1.0,0.0019,-14.0,0.095,19,3.605551275463989,17,0,0.0,0
48,1.0,0.0019,-14.0,0.095,19,3.605551275463989,17,0,0.0,0
49,1.0,0.0019,-14.0,0.095,19,3.605551275463989,17,0,0.0,0
50,1.0,0.0019,-14.0,0.095,19,3.605551275463989,17,0,0.0,0
51,1.0,0.0019,-14.0,0.095,19,3.605551275463989,17,0,0.0,0
52,1.0,0.0019,-14.0,0.095,19,3.605551275463989,17,0,0.0,0
53,1.0,0.0019,-14.0,0.095,19,3.605551275463989,17,0,0.0,0
54,1.0,0.0019,-14.0,0.095,25,4.47213595499958,23,6,0.8665846795355905,6
55,1.0,0.0019,-14.0,0.095,25,4.47213595499958,23,0,0.0,0
56,1.0,0.0019,-14.0,0.095,25,4.47213595499958,23,0,0.0,0
57,1.0,0.0019,-14.0,0.095,25,4.47213595499958,23,0,0.0,0
58,1.0,0.0019,-14.0,0.095,25,4.47213595499958,23,0,0.0,0
59,1.0,0.0019,-14.0,0.095,25,4.47213595499958,23,0,0.0,0
60,1.0,0.0019,-14.0,0.095,25,4.47213595499958,23,0,0.0,0
61,1.0,0.0019,-14.0,0.095,25,4.47213595499958,23,0,0.0,0
62,1.0,0.0019,-14.0,0.095,25,4.47213595499958,23,0,0.0,0
63,1.0,0.0019,-14.0,0.095,25,4.47213595499958,23,0,0.0,0
64,1.0,0.0019,-14.0,0.095,25,4.47213595499958,23,0,0.0,0
65,1.0,0.0019,-14.0,0.095,25,4.47213595499958,23,0,0.0,0
66,1.0,0.0019,-14.0,0.095,25,4.47213595499958,23,0,0.0,0
67,1.0,0.0019,-14.0,0.095,25,4.47213595499958,23,0,0.0,0
68,1.0,0.0019,-14.0,0.095,25,4.47213595499958,23,0,0.0,0
69,1.0,0.0019,-14.0,0.095,25,4.47213595499958,23,0,0.0,0
70,1.0,0.0019,-14.0,0.095,25,4.47213595499958,23,0,0.0,0
71,1.0,0.0019,-14.0,0.095,25,4.47213595499958,23,0,0.0,0
72,1.0,0.0019,-14.0,0.095,31,5.830951894845301,29,6,1.3588159398457211,6
73,1.0,0.0019,-14.0,0.095,31,5.830951894845301,29,0,0.0,0
74,1.0,0.0019,-14.0,0.095,31,5.830951894845301,29,0,0.0,0
75,1.0,0.0019,-14.0,0.095,31,5.830951894845301,29,0,0.0,0
76,1.0,0.0019,-14.0,0.095,43,5.830951894845301,39,12,0.0,10
77,1.0,0.0019,-14.0,0.095,43,5.830951894845301,39,0,0.0,0
78,1.0,0.0019,-14.0,0.095,43,5.830951894845301,39,0,0.0,0
79,1.0,0.0019,-14.0,0.095,43,5.830951894845301,39,0,0.0,0
80,1.0,0.0019,-14.0,0.095,43,5.830951894845301,39,0,0.0,0
81,1.0,0.0019,-14.0,0.095,43,5.830951894845301,39,0,0.0,0
82,1.0,0.0019,-14.0,0.095,43,5.830951894845301,39,0,0.0,0
83,1.0,0.0019,-14.0,0.095,43,5.830951894845301,39,0,0.0,0
84,1.0,0.0019,-14.0,0.095,43,5.830951894845301,39,0,0.0,0
85,1.0,0.0019,-14.0,0.095,43,5.830951894845301,39,0,0.0,0
86,1.0,0.0019,-14.0,0.095,43,5.830951894845301,39,0,0.0,0
87,1.0,0.0019,-14.0,0.095,43,5.830951894845301,39,0,0.0,0
88,1.0,0.0019,-14.0,0.095,43,5.830951894845301,39,0,0.0,0
89,1.0,0.0019,-14.0,0.095,43,5.830951894845301,39,0,0.0,0
90,1.0,0.0019,-14.0,0.095,49,6.708203932499369,45,6,0.8772520376540687,6
91,1.0,0.0019,-14.0,0.095,49,6.708203932499369,45,0,0.0,0
92,1.0,0.0019,-14.0,0.095,49,6.708203932499369,45,0,0.0,0
93,1.0,0.0019,-14.0,0.095,61,6.708203932499369,51,12,0.0,6
94,1.0,0.0019,-14.0,0.095,61,6.708203932499369,51,0,0.0,0
95,1.0,0.0019,-14.0,0.095,61,6.708203932499369,51,0,0.0,0
96,1.0,0.0019,-14.0,0.095,61,6.708203932499369,51,0,0.0,0
97,1.0,0.0019,-14.0,0.095,61,6.708203932499369,51,0,0.0,0
98,1.0,0.0019,-14.0,0.095,61,6.708203932499369,51,0,0.0,0
99,1.0,0.0019,-14.0,0.095,61,6.708203932499369,51,0,0.0,0
100,1.0,0.0019,-14.0,0.095,61,6.708203932499369,51,0,0.0,0
101,1.0,0.0019,-14.0,0.095,61,6.708203932499369,51,0,0.0,0
102,1.0,0.0019,-14.0,0.095,61,6.708203932499369,51,0,0.0,0
103,1.0,0.0019,-14.0,0.095,61,6.708203932499369,51,0,0.0,0
104,1.0,0.0019,-14.0,0.095,61,6.708203932499369,51,0,0.0,0
105,1.0,0.0019,-14.0,0.095,61,6.708203932499369,51,0,0.0,0
106,1.0,0.0019,-14.0,0.095,61,6.708203932499369,51,0,0.0,0
107,1.0,0.0019,-14.0,0.095,61,6.708203932499369,51,0,0.0,0
108,1.0,0.0019,-14.0,0.095,61,6.708203932499369,51,0,0.0,0
109,1.0,0.0019,-14.0,0.095,67,8.06225774829855,57,6,1.3540538157991797,6
110,1.0,0.0019,-14.0,0.095,67,8.06225774829855,57,0,0.0,0
111,1.0,0.0019,-14.0,0.095,67,8.06225774829855,57,0,0.0,0
112,1.0,0.0019,-14.0,0.095,67,8.06225774829855,57,0,0.0,0
113,1.0,0.0019,-14.0,0.095,79,8.06225774829855,63,12,0.0,6
114,1.0,0.0019,-14.0,0.095,79,8.06225774829855,63,0,0.0,0
115,1.0,0.0019,-14.0,0.095,79,8.06225774829855,63,0,0.0,0
116,1.0,0.0019,-14.0,0.095,79,8.06225774829855,63,0,0.0,0
117,1.0,0.0019,-14.0,0.095,79,8.06225774829855,63,0,0.0,0
118,1.0,0.0019,-14.0,0.095,79,8.06225774829855,63,0,0.0,0
119,1.0,0.0019,-14.0,0.095,79,8.06225774829855,63,0,0.0,0
120,1.0,0.0019,-14.0,0.095,79,8.06225774829855,63,0,0.0,0
121,1.0,0.0019,-14.0,0.095,79,8.06225774829855,63,0,0.0,0
122,1.0,0.0019,-14.0,0.095,79,8.06225774829855,63,0,0.0,0
123,1.0,0.0019,-14.0,0.095,79,8.06225774829855,63,0,0.0,0
124,1.0,0.0019,-14.0,0.095,79,8.06225774829855,63,0,0.0,0
125,1.0,0.0019,-14.0,0.095,79,8.06225774829855,63,0,0.0,0
126,1.0,0.0019,-14.0,0.095,79,8.06225774829855,63,0,0.0,0
127,1.0,0.0019,-14.0,0.095,79,8.06225774829855,63,0,0.0,0
128,1.0,0.0019,-14.0,0.095,97,8.94427190999916,75,18,0.8820141617006101,12
129,1.0,0.0019,-14.0,0.095,97,8.94427190999916,75,0,0.0,0
130,1.0,0.0019,-14.0,0.095,97,8.94427190999916,75,0,0.0,0
131,1.0,0.0019,-14.0,0.095,97,8.94427190999916,75,0,0.0,0
132,1.0,0.0019,-14.0,0.095,97,8.94427190999916,75,0,0.0,0
133,1.0,0.0019,-14.0,0.095,97,8.94427190999916,75,0,0.0,0
134,1.0,0.0019,-14.0,0.095,97,8.94427190999916,75,0,0.0,0
135,1.0,0.0019,-14.0,0.095,97,8.94427190999916,75,0,0.0,0
136,1.0,0.0019,-14.0,0.095,97,8.94427190999916,75,0,0.0,0
137,1.0,0.0019,-14.0,0.095,97,8.94427190999916,75,0,0.0,0
138,1.0,0.0019,-14.0,0.095,97,8.94427190999916,75,0,0.0,0
139,1.0,0.0019,-14.0,0.095,97,8.94427190999916,75,0,0.0,0
140,1.0,0.0019,-14.0,0.095,97,8.94427190999916,75,0,0.0,0
141,1.0,0.0019,-14.0,0.095,97,8.94427190999916,75,0,0.0,0
142,1.0,0.0019,-14.0,0.095,97,8.94427190999916,75,0,0.0,0
143,1.0,0.0019,-14.0,0.095,97,8.94427190999916,75,0,0.0,0
144,1.0,0.0019,-14.0,0.095,109,8.94427190999916,79,12,0.0,4
145,1.0,0.0019,-14.0,0.095,109,8.94427190999916,79,0,0.0,0
146,1.0,0.0019,-14.0,0.095,109,8.94427190999916,79,0,0.0,0
147,1.0,0.0019,-14.0,0.095,115,10.295630140987,85,6,1.3513582309878416,6
148,1.0,0.0019,-14.0,0.095,115,10.295630140987,85,0,0.0,0
149,1.0,0.0019,-14.0,0.095,115,10.295630140987,85,0,0.0,0
150,1.0,0.0019,-14.0,0.095,115,10.295630140987,85,0,0.0,0
151,1.0,0.0019,-14.0,0.095,127,10.295630140987,91,12,0.0,6
152,1.0,0.0019,-14.0,0.095,127,10.295630140987,91,0,0.0,0
153,1.0,0.0019,-14.0,0.095,127,10.295630140987,91,0,0.0,0
154,1.0,0.0019,-14.0,0.095,127,10.295630140987,91,0,0.0,0
155,1.0,0.0019,-14.0,0.095,127,10.295630140987,91,0,0.0,0
156,1.0,0.0019,-14.0,0.095,127,10.295630140987,91,0,0.0,0
157,1.0,0.0019,-14.0,0.095,127,10.295630140987,91,0,0.0,0
158,1.0,0.0019,-14.0,0.095,127,10.295630140987,91,0,0.0,0
159,1.0,0.0019,-14.0,0.095,127,10.295630140987,91,0,0.0,0
160,1.0,0.0019,-14.0,0.095,127,10.295630140987,91,0,0.0,0
161,1.0,0.0019,-14.0,0.095,127,10.295630140987,91,0,0.0,0
162,1.0,0.0019,-14.0,0.095,127,10.295630140987,91,0,0.0,0
163,1.0,0.0019,-14.0,0.095,127,10.295630140987,91,0,0.0,0
164,1.0,0.0019,-14.0,0.095,127,10.295630140987,91,0,0.0,0
165,1.0,0.0019,-14.0,0.095,127,10.295630140987,91,0,0.0,0
166,1.0,0.0019,-14.0,0.095,127,10.295630140987,91,0,0.0,0
167,1.0,0.0019,-14.0,0.095,133,11.180339887498949,97,6,0.8847097465119482,6
168,1.0,0.0019,-14.0,0.095,145,11.180339887498949,103,12,0.0,6
169,1.0,0.0019,-14.0,0.095,145,11.180339887498949,103,0,0.0,0
170,1.0,0.0019,-14.0,0.095,145,11.180339887498949,103,0,0.0,0
171,1.0,0.0019,-14.0,0.095,145,11.180339887498949,103,0,0.0,0
172,1.0,0.0019,-14.0,0.095,145,11.180339887498949,103,0,0.0,0
173,1.0,0.0019,-14.0,0.095,145,11.180339887498949,103,0,0.0,0
174,1.0,0.0019,-14.0,0.095,145,11.180339887498949,103,0,0.0,0
175,1.0,0.0019,-14.0,0.095,145,11.180339887498949,103,0,0.0,0
176,1.0,0.0019,-14.0,0.095,145,11.180339887498949,103,0,0.0,0
177,1.0,0.0019,-14.0,0.095,145,11.180339887498949,103,0,0.0,0
178,1.0,0.0019,-14.0,0.095,145,11.180339887498949,103,0,0.0,0
179,1.0,0.0019,-14.0,0.095,145,11.180339887498949,103,0,0.0,0
180,1.0,0.0019,-14.0,0.095,145,11.180339887498949,103,0,0.0,0
181,1.0,0.0019,-14.0,0.095,145,11.180339887498949,103,0,0.0,0
182,1.0,0.0019,-14.0,0.095,145,11.180339887498949,103,0,0.0,0
183,1.0,0.0019,-14.0,0.095,145,11.180339887498949,103,0,0.0,0
184,1.0,0.0019,-14.0,0.095,151,11.180339887498949,91,6,0.0,-12
185,1.0,0.0019,-14.0,0.095,151,11.180339887498949,91,0,0.0,0
186,1.0,0.0019,-14.0,0.095,163,11.180339887498949,98,12,0.0,7
187,1.0,0.0019,-14.0,0.095,169,12.529964086141668,103,6,1.3496241986427187,5
188,1.0,0.0019,-14.0,0.095,169,12.529964086141668,103,0,0.0,0
189,1.0,0.0019,-14.0,0.095,169,12.529964086141668,103,0,0.0,0
190,1.0,0.0019,-14.0,0.095,169,12.529964086141668,103,0,0.0,0
191,1.0,0.0019,-14.0,0.095,169,12.529964086141668,103,0,0.0,0
192,1.0,0.0019,-14.0,0.095,169,12.529964086141668,103,0,0.0,0
193,1.0,0.0019,-14.0,0.095,181,12.529964086141668,107,12,0.0,4
194,1.0,0.0019,-14.0,0.095,181,12.529964086141668,107,0,0.0,0
195,1.0,0.0019,-14.0,0.095,181,12.529964086141668,107,0,0.0,0
196,1.0,0.0019,-14.0,0.095,181,12.529964086141668,107,0,0.0,0
197,1.0,0.0019,-14.0,0.095,181,12.529964086141668,107,0,0.0,0
198,1.0,0.0019,-14.0,0.095,181,12.529964086141668,107,0,0.0,0
199,1.0,0.0019,-14.0,0.095,181,12.529964086141668,107,0,0.0,0
200,1.0,0.0019,-14.0,0.095,181,12.529964086141668,107,0,0.0,0
201,1.0,0.0019,-14.0,0.095,181,12.529964086141668,107,0,0.0,0
202,1.0,0.0019,-14.0,0.095,181,12.529964086141668,107,0,0.0,0
203,1.0,0.0019,-14.0,0.095,181,12.529964086141668,107,0,0.0,0
204,1.0,0.0019,-14.0,0.095,181,12.529964086141668,107,0,0.0,0
205,1.0,0.0019,-14.0,0.095,181,12.529964086141668,107,0,0.0,0
206,1.0,0.0019,-14.0,0.095,181,12.529964086141668,107,0,0.0,0
207,1.0,0.0019,-14.0,0.095,187,13.416407864998739,113,6,0.8864437788570712,6
208,1.0,0.0019,-14.0,0.095,187,13.416407864998739,113,0,0.0,0
209,1.0,0.0019,-14.0,0.095,199,13.416407864998739,119,12,0.0,6
210,1.0,0.0019,-14.0,0.095,199,13.416407864998739,119,0,0.0,0
211,1.0,0.0019,-14.0,0.095,199,13.416407864998739,119,0,0.0,0
212,1.0,0.0019,-14.0,0.095,199,13.416407864998739,119,0,0.0,0
213,1.0,0.0019,-14.0,0.095,199,13.416407864998739,119,0,0.0,0
214,1.0,0.0019,-14.0,0.095,199,13.416407864998739,119,0,0.0,0
215,1.0,0.0019,-14.0,0.095,199,13.416407864998739,119,0,0.0,0
216,1.0,0.0019,-14.0,0.095,199,13.416407864998739,119,0,0.0,0
217,1.0,0.0019,-14.0,0.095,199,13.416407864998739,119,0,0.0,0
218,1.0,0.0019,-14.0,0.095,199,13.416407864998739,119,0,0.0,0
219,1.0,0.0019,-14.0,0.095,199,13.416407864998739,119,0,0.0,0
220,1.0,0.0019,-14.0,0.095,199,13.416407864998739,119,0,0.0,0
221,1.0,0.0019,-14.0,0.095,199,13.416407864998739,119,0,0.0,0
222,1.0,0.0019,-14.0,0.095,199,13.416407864998739,119,0,0.0,0
223,1.0,0.0019,-14.0,0.095,199,13.416407864998739,119,0,0.0,0
224,1.0,0.0019,-14.0,0.095,199,13.416407864998739,119,0,0.0,0
225,1.0,0.0019,-14.0,0.095,199,13.416407864998739,119,0,0.0,0
226,1.0,0.0019,-14.0,0.095,199,13.416407864998739,119,0,0.0,0
227,1.0,0.0019,-14.0,0.095,217,14.7648230602334,131,18,1.3484151952346615,12
228,1.0,0.0019,-14.0,0.095,217,14.7648230602334,131,0,0.0,0
229,1.0,0.0019,-14.0,0.095,217,14.7648230602334,131,0,0.0,0
230,1.0,0.0019,-14.0,0.095,217,14.7648230602334,131,0,0.0,0
231,1.0,0.0019,-14.0,0.095,229,14.7648230602334,135,12,0.0,4
232,1.0,0.0019,-14.0,0.095,229,14.7648230602334,135,0,0.0,0
233,1.0,0.0019,-14.0,0.095,229,14.7648230602334,135,0,0.0,0
234,1.0,0.0019,-14.0,0.095,229,14.7648230602334,135,0,0.0,0
235,1.0,0.0019,-14.0,0.095,229,14.7648230602334,135,0,0.0,0
236,1.0,0.0019,-14.0,0.095,229,14.7648230602334,135,0,0.0,0
237,1.0,0.0019,-14.0,0.095,229,14.7648230602334,135,0,0.0,0
238,1.0,0.0019,-14.0,0.095,229,14.7648230602334,135,0,0.0,0
239,1.0,0.0019,-14.0,0.095,229,14.7648230602334,135,0,0.0,0
240,1.0,0.0019,-14.0,0.095,229,14.7648230602334,135,0,0.0,0
241,1.0,0.0019,-14.0,0.095,229,14.7648230602334,135,0,0.0,0
242,1.0,0.0019,-14.0,0.095,229,14.7648230602334,135,0,0.0,0
243,1.0,0.0019,-14.0,0.095,241,14.7648230602334,135,12,0.0,0
244,1.0,0.0019,-14.0,0.095,241,14.7648230602334,135,0,0.0,0
245,1.0,0.0019,-14.0,0.095,241,14.7648230602334,135,0,0.0,0
246,1.0,0.0019,-14.0,0.095,253,14.7648230602334,135,12,0.0,0
247,1.0,0.0019,-14.0,0.095,259,15.652475842498529,141,6,0.8876527822651283,6
248,1.0,0.0019,-14.0,0.095,259,15.652475842498529,141,0,0.0,0
249,1.0,0.0019,-14.0,0.095,271,15.652475842498529,147,12,0.0,6
250,1.0,0.0019,-14.0,0.095,271,15.652475842498529,147,0,0.0,0
251,1.0,0.0019,-14.0,0.095,271,15.652475842498529,147,0,0.0,0
252,1.0,0.0019,-14.0,0.095,271,15.652475842498529,147,0,0.0,0
253,1.0,0.0019,-14.0,0.095,271,15.652475842498529,147,0,0.0,0
254,1.0,0.0019,-14.0,0.095,283,15.652475842498529,147,12,0.0,0
255,1.0,0.0019,-14.0,0.095,283,15.652475842498529,147,0,0.0,0
256,1.0,0.0019,-14.0,0.095,295,15.652475842498529,143,12,0.0,-4
257,1.0,0.0019,-14.0,0.095,295,15.652475842498529,143,0,0.0,0
258,1.0,0.0019,-14.0,0.095,295,15.652475842498529,143,0,0.0,0
259,1.0,0.0019,-14.0,0.095,295,15.652475842498529,143,0,0.0,0
260,1.0,0.0019,-14.0,0.095,295,15.652475842498529,143,0,0.0,0
261,1.0,0.0019,-14.0,0.095,295,15.652475842498529,143,0,0.0,0
262,1.0,0.0019,-14.0,0.095,295,15.652475842498529,143,0,0.0,0
263,1.0,0.0019,-14.0,0.095,295,15.652475842498529,143,0,0.0,0
264,1.0,0.0019,-14.0,0.095,295,15.652475842498529,143,0,0.0,0
265,1.0,0.0019,-14.0,0.095,295,15.652475842498529,143,0,0.0,0
266,1.0,0.0019,-14.0,0.095,295,15.652475842498529,143,0,0.0,0
267,1.0,0.0019,-14.0,0.095,313,17.0,155,18,1.3475241575014714,12
268,1.0,0.0019,-14.0,0.095,313,17.0,155,0,0.0,0
269,1.0,0.0019,-14.0,0.095,313,17.0,155,0,0.0,0
270,1.0,0.0019,-14.0,0.095,313,17.0,155,0,0.0,0
271,1.0,0.0019,-14.0,0.095,313,17.0,155,0,0.0,0
272,1.0,0.0019,-14.0,0.095,313,17.0,155,0,0.0,0
273,1.0,0.0019,-14.0,0.095,313,17.0,155,0,0.0,0
274,1.0,0.0019,-14.0,0.095,313,17.0,155,0,0.0,0
275,1.0,0.0019,-14.0,0.095,313,17.0,155,0,0.0,0
276,1.0,0.0019,-14.0,0.095,313,17.0,155,0,0.0,0
277,1.0,0.0019,-14.0,0.095,313,17.0,155,0,0.0,0
278,1.0,0.0019,-14.0,0.095,313,17.0,155,0,0.0,0
279,1.0,0.0019,-14.0,0.095,313,17.0,155,0,0.0,0
280,1.0,0.0019,-14.0,0.095,313,17.0,155,0,0.0,0
281,1.0,0.0019,-14.0,0.095,313,17.0,155,0,0.0,0
282,1.0,0.0019,-14.0,0.095,325,17.0,159,12,0.0,4
283,1.0,0.0019,-14.0,0.095,325,17.0,159,0,0.0,0
284,1.0,0.0019,-14.0,0.095,325,17.0,159,0,0.0,0
285,1.0,0.0019,-14.0,0.095,325,17.0,159,0,0.0,0
286,1.0,0.0019,-14.0,0.095,325,17.0,159,0,0.0,0
287,1.0,0.0019,-14.0,0.095,331,17.88854381999832,165,6,0.8885438199983184,6
288,1.0,0.0019,-14.0,0.095,331,17.88854381999832,165,0,0.0,0
289,1.0,0.0019,-14.0,0.095,343,17.88854381999832,171,12,0.0,6
290,1.0,0.0019,-14.0,0.095,343,17.88854381999832,171,0,0.0,0
291,1.0,0.0019,-14.0,0.095,343,17.88854381999832,171,0,0.0,0
292,1.0,0.0019,-14.0,0.095,343,17.88854381999832,171,0,0.0,0
293,1.0,0.0019,-14.0,0.095,343,17.88854381999832,171,0,0.0,0
294,1.0,0.0019,-14.0,0.095,343,17.88854381999832,171,0,0.0,0
295,1.0,0.0019,-14.0,0.095,343,17.88854381999832,171,0,0.0,0
296,1.0,0.0019,-14.0,0.095,343,17.88854381999832,171,0,0.0,0
297,1.0,0.0019,-14.0,0.095,343,17.88854381999832,171,0,0.0,0
298,1.0,0.0019,-14.0,0.095,343,17.88854381999832,171,0,0.0,0
299,1.0,0.0019,-14.0,0.095,343,17.88854381999832,171,0,0.0,0
300,1.0,0.0019,-14.0,0.095,343,17.88854381999832,171,0,0.0,0
301,1.0,0.0019,-14.0,0.095,343,17.88854381999832,171,0,0.0,0
302,1.0,0.0019,-14.0,0.095,355,17.88854381999832,167,12,0.0,-4
303,1.0,0.0019,-14.0,0.095,355,17.88854381999832,167,0,0.0,0
304,1.0,0.0019,-14.0,0.095,355,17.88854381999832,167,0,0.0,0
305,1.0,0.0019,-14.0,0.095,355,17.88854381999832,167,0,0.0,0
306,1.0,0.0019,-14.0,0.095,355,17.88854381999832,167,0,0.0,0
307,1.0,0.0019,-14.0,0.095,373,19.235384061671343,179,18,1.346840241673025,12
308,1.0,0.0019,-14.0,0.095,373,19.235384061671343,179,0,0.0,0
309,1.0,0.0019,-14.0,0.095,373,19.235384061671343,179,0,0.0,0
310,1.0,0.0019,-14.0,0.095,373,19.235384061671343,179,0,0.0,0
311,1.0,0.0019,-14.0,0.095,373,19.235384061671343,179,0,0.0,0
312,1.0,0.0019,-14.0,0.095,373,19.235384061671343,179,0,0.0,0
313,1.0,0.0019,-14.0,0.095,373,19.235384061671343,179,0,0.0,0
314,1.0,0.0019,-14.0,0.095,373,19.235384061671343,179,0,0.0,0
315,1.0,0.0019,-14.0,0.095,373,19.235384061671343,179,0,0.0,0
316,1.0,0.0019,-14.0,0.095,373,19.235384061671343,179,0,0.0,0
317,1.0,0.0019,-14.0,0.095,373,19.235384061671343,179,0,0.0,0
318,1.0,0.0019,-14.0,0.095,373,19.235384061671343,179,0,0.0,0
319,1.0,0.0019,-14.0,0.095,385,19.235384061671343,183,12,0.0,4
320,1.0,0.0019,-14.0,0.095,385,19.235384061671343,183,0,0.0,0
321,1.0,0.0019,-14.0,0.095,397,19.235384061671343,187,12,0.0,4
322,1.0,0.0019,-14.0,0.095,397,19.235384061671343,187,0,0.0,0
323,1.0,0.0019,-14.0,0.095,397,19.235384061671343,187,0,0.0,0
324,1.0,0.0019,-14.0,0.095,397,19.235384061671343,187,0,0.0,0
325,1.0,0.0019,-14.0,0.095,397,19.235384061671343,187,0,0.0,0
326,1.0,0.0019,-14.0,0.095,397,19.235384061671343,187,0,0.0,0
327,1.0,0.0019,-14.0,0.095,403,20.12461179749811,193,6,0.8892277358267648,6
328,1.0,0.0019,-14.0,0.095,403,20.12461179749811,193,0,0.0,0
329,1.0,0.0019,-14.0,0.095,415,20.12461179749811,199,12,0.0,6
330,1.0,0.0019,-14.0,0.095,415,20.12461179749811,199,0,0.0,0
331,1.0,0.0019,-14.0,0.095,415,20.12461179749811,199,0,0.0,0
332,1.0,0.0019,-14.0,0.095,415,20.12461179749811,199,0,0.0,0
333,1.0,0.0019,-14.0,0.095,415,20.12461179749811,199,0,0.0,0
334,1.0,0.0019,-14.0,0.095,415,20.12461179749811,199,0,0.0,0
335,1.0,0.0019,-14.0,0.095,415,20.12461179749811,199,0,0.0,0
336,1.0,0.0019,-14.0,0.095,415,20.12461179749811,199,0,0.0,0
337,1.0,0.0019,-14.0,0.095,415,20.12461179749811,199,0,0.0,0
338,1.0,0.0019,-14.0,0.095,427,20.12461179749811,195,12,0.0,-4
339,1.0,0.0019,-14.0,0.095,427,20.12461179749811,195,0,0.0,0
340,1.0,0.0019,-14.0,0.095,427,20.12461179749811,195,0,0.0,0
341,1.0,0.0019,-14.0,0.095,427,20.12461179749811,195,0,0.0,0
342,1.0,0.0019,-14.0,0.095,427,20.12461179749811,195,0,0.0,0
343,1.0,0.0019,-14.0,0.095,427,20.12461179749811,195,0,0.0,0
344,1.0,0.0019,-14.0,0.095,427,20.12461179749811,195,0,0.0,0
345,1.0,0.0019,-14.0,0.095,427,20.12461179749811,195,0,0.0,0
346,1.0,0.0019,-14.0,0.095,427,20.12461179749811,195,0,0.0,0
347,1.0,0.0019,-14.0,0.095,445,21.470910553583888,207,18,1.3462987560857798,12
348,1.0,0.0019,-14.0,0.095,457,21.470910553583888,211,12,0.0,4
349,1.0,0.0019,-14.0,0.095,457,21.470910553583888,211,0,0.0,0
350,1.0,0.0019,-14.0,0.095,457,21.470910553583888,211,0,0.0,0
351,1.0,0.0019,-14.0,0.095,457,21.470910553583888,211,0,0.0,0
352,1.0,0.0019,-14.0,0.095,457,21.470910553583888,211,0,0.0,0
353,1.0,0.0019,-14.0,0.095,457,21.470910553583888,211,0,0.0,0
354,1.0,0.0019,-14.0,0.095,469,21.470910553583888,215,12,0.0,4
355,1.0,0.0019,-14.0,0.095,469,21.470910553583888,215,0,0.0,0
356,1.0,0.0019,-14.0,0.095,469,21.470910553583888,215,0,0.0,0
357,1.0,0.0019,-14.0,0.095,469,21.470910553583888,215,0,0.0,0
358,1.0,0.0019,-14.0,0.095,469,21.470910553583888,215,0,0.0,0
359,1.0,0.0019,-14.0,0.095,469,21.470910553583888,215,0,0.0,0
360,1.0,0.0019,-14.0,0.095,481,21.470910553583888,219,12,0.0,4
361,1.0,0.0019,-14.0,0.095,481,21.470910553583888,219,0,0.0,0
362,1.0,0.0019,-14.0,0.095,481,21.470910553583888,219,0,0.0,0
363,1.0,0.0019,-14.0,0.095,481,21.470910553583888,219,0,0.0,0
364,1.0,0.0019,-14.0,0.095,481,21.470910553583888,219,0,0.0,0
365,1.0,0.0019,-14.0,0.095,481,21.470910553583888,219,0,0.0,0
366,1.0,0.0019,-14.0,0.095,481,21.470910553583888,219,0,0.0,0
367,1.0,0.0019,-14.0,0.095,487,22.360679774997898,225,6,0.88976922141401,6
368,1.0,0.0019,-14.0,0.095,487,22.360679774997898,225,0,0.0,0
369,1.0,0.0019,-14.0,0.095,499,22.360679774997898,231,12,0.0,6
370,1.0,0.0019,-14.0,0.095,499,22.360679774997898,231,0,0.0,0
371,1.0,0.0019,-14.0,0.095,499,22.360679774997898,231,0,0.0,0
372,1.0,0.0019,-14.0,0.095,499,22.360679774997898,231,0,0.0,0
373,1.0,0.0019,-14.0,0.095,499,22.360679774997898,231,0,0.0,0
374,1.0,0.0019,-14.0,0.095,499,22.360679774997898,231,0,0.0,0
375,1.0,0.0019,-14.0,0.095,499,22.360679774997898,231,0,0.0,0
376,1.0,0.0019,-14.0,0.095,499,22.360679774997898,231,0,0.0,0
377,1.0,0.0019,-14.0,0.095,511,22.360679774997898,227,12,0.0,-4
378,1.0,0.0019,-14.0,0.095,523,22.360679774997898,227,12,0.0,0
379,1.0,0.0019,-14.0,0.095,523,22.360679774997898,227,0,0.0,0
380,1.0,0.0019,-14.0,0.095,523,22.360679774997898,227,0,0.0,0
381,1.0,0.0019,-14.0,0.095,523,22.360679774997898,227,0,0.0,0
382,1.0,0.0019,-14.0,0.095,535,22.360679774997898,225,12,0.0,-2
383,1.0,0.0019,-14.0,0.095,535,22.360679774997898,225,0,0.0,0
384,1.0,0.0019,-14.0,0.095,547,22.360679774997898,229,12,0.0,4
385,1.0,0.0019,-14.0,0.095,547,22.360679774997898,229,0,0.0,0
386,1.0,0.0019,-14.0,0.095,547,22.360679774997898,229,0,0.0,0
387,1.0,0.0019,-14.0,0.095,565,23.706539182259394,241,18,1.3458594072614964,12
388,1.0,0.0019,-14.0,0.095,565,23.706539182259394,241,0,0.0,0
389,1.0,0.0019,-14.0,0.095,565,23.706539182259394,241,0,0.0,0
390,1.0,0.0019,-14.0,0.095,565,23.706539182259394,241,0,0.0,0
391,1.0,0.0019,-14.0,0.095,565,23.706539182259394,241,0,0.0,0
392,1.0,0.0019,-14.0,0.095,565,23.706539182259394,241,0,0.0,0
393,1.0,0.0019,-14.0,0.095,565,23.706539182259394,241,0,0.0,0
394,1.0,0.0019,-14.0,0.095,565,23.706539182259394,241,0,0.0,0
395,1.0,0.0019,-14.0,0.095,565,23.706539182259394,241,0,0.0,0
396,1.0,0.0019,-14.0,0.095,565,23.706539182259394,241,0,0.0,0
397,1.0,0.0019,-14.0,0.095,565,23.706539182259394,241,0,0.0,0
398,1.0,0.0019,-14.0,0.095,565,23.706539182259394,241,0,0.0,0
399,1.0,0.0019,-14.0,0.095,577,23.706539182259394,245,12,0.0,4
400,1.0,0.0019,-14.0,0.095,577,23.706539182259394,245,0,0.0,0
401,1.0,0.0019,-14.0,0.095,577,23.706539182259394,245,0,0.0,0
402,1.0,0.0019,-14.0,0.095,577,23.706539182259394,245,0,0.0,0
403,1.0,0.0019,-14.0,0.095,577,23.706539182259394,245,0,0.0,0
404,1.0,0.0019,-14.0,0.095,577,23.706539182259394,245,0,0.0,0
405,1.0,0.0019,-14.0,0.095,577,23.706539182259394,245,0,0.0,0
406,1.0,0.0019,-14.0,0.095,577,23.706539182259394,245,0,0.0,0
407,1.0,0.0019,-14.0,0.095,583,24.596747752497688,251,6,0.8902085702382934,6
408,1.0,0.0019,-14.0,0.095,583,24.596747752497688,251,0,0.0,0
409,1.0,0.0019,-14.0,0.095,595,24.596747752497688,257,12,0.0,6
410,1.0,0.0019,-14.0,0.095,595,24.596747752497688,257,0,0.0,0
411,1.0,0.0019,-14.0,0.095,595,24.596747752497688,257,0,0.0,0
412,1.0,0.0019,-14.0,0.095,595,24.596747752497688,257,0,0.0,0
413,1.0,0.0019,-14.0,0.095,595,24.596747752497688,257,0,0.0,0
414,1.0,0.0019,-14.0,0.095,595,24.596747752497688,257,0,0.0,0
415,1.0,0.0019,-14.0,0.095,595,24.596747752497688,257,0,0.0,0
416,1.0,0.0019,-14.0,0.095,595,24.596747752497688,257,0,0.0,0
417,1.0,0.0019,-14.0,0.095,595,24.596747752497688,257,0,0.0,0
418,1.0,0.0019,-14.0,0.095,607,24.596747752497688,253,12,0.0,-4
419,1.0,0.0019,-14.0,0.095,607,24.596747752497688,253,0,0.0,0
420,1.0,0.0019,-14.0,0.095,619,24.596747752497688,257,12,0.0,4
421,1.0,0.0019,-14.0,0.095,619,24.596747752497688,257,0,0.0,0
422,1.0,0.0019,-14.0,0.095,619,24.596747752497688,257,0,0.0,0
423,1.0,0.0019,-14.0,0.095,619,24.596747752497688,257,0,0.0,0
424,1.0,0.0019,-14.0,0.095,619,24.596747752497688,257,0,0.0,0
425,1.0,0.0019,-14.0,0.095,619,24.596747752497688,257,0,0.0,0
426,1.0,0.0019,-14.0,0.095,619,24.596747752497688,257,0,0.0,0
427,1.0,0.0019,-14.0,0.095,637,25.942243542145693,269,18,1.3454957896480053,12
428,1.0,0.0019,-14.0,0.095,637,25.942243542145693,269,0,0.0,0
429,1.0,0.0019,-14.0,0.095,637,25.942243542145693,269,0,0.0,0
430,1.0,0.0019,-14.0,0.095,637,25.942243542145693,269,0,0.0,0
431,1.0,0.0019,-14.0,0.095,637,25.942243542145693,269,0,0.0,0
432,1.0,0.0019,-14.0,0.095,637,25.942243542145693,269,0,0.0,0
433,1.0,0.0019,-14.0,0.095,637,25.942243542145693,269,0,0.0,0
434,1.0,0.0019,-14.0,0.095,637,25.942243542145693,269,0,0.0,0
435,1.0,0.0019,-14.0,0.095,637,25.942243542145693,269,0,0.0,0
436,1.0,0.0019,-14.0,0.095,637,25.942243542145693,269,0,0.0,0
437,1.0,0.0019,-14.0,0.095,637,25.942243542145693,269,0,0.0,0
438,1.0,0.0019,-14.0,0.095,637,25.942243542145693,269,0,0.0,0
439,1.0,0.0019,-14.0,0.095,649,25.942243542145693,273,12,0.0,4
440,1.0,0.0019,-14.0,0.095,649,25.942243542145693,273,0,0.0,0
441,1.0,0.0019,-14.0,0.095,649,25.942243542145693,273,0,0.0,0
442,1.0,0.0019,-14.0,0.095,649,25.942243542145693,273,0,0.0,0
443,1.0,0.0019,-14.0,0.095,661,25.942243542145693,285,12,0.0,12
444,1.0,0.0019,-14.0,0.095,661,25.942243542145693,285,0,0.0,0
445,1.0,0.0019,-14.0,0.095,661,25.942243542145693,285,0,0.0,0
446,1.0,0.0019,-14.0,0.095,661,25.942243542145693,285,0,0.0,0
447,1.0,0.0019,-14.0,0.095,667,26.832815729997478,291,6,0.8905721878517845,6
448,1.0,0.0019,-14.0,0.095,679,26.832815729997478,297,12,0.0,6
449,1.0,0.0019,-14.0,0.095,679,26.832815729997478,297,0,0.0,0
450,1.0,0.0019,-14.0,0.095,679,26.832815729997478,297,0,0.0,0
451,1.0,0.0019,-14.0,0.095,679,26.832815729997478,297,0,0.0,0
452,1.0,0.0019,-14.0,0.095,679,26.832815729997478,297,0,0.0,0
453,1.0,0.0019,-14.0,0.095,679,26.832815729997478,297,0,0.0,0
454,1.0,0.0019,-14.0,0.095,679,26.832815729997478,297,0,0.0,0
455,1.0,0.0019,-14.0,0.095,679,26.832815729997478,297,0,0.0,0
456,1.0,0.0019,-14.0,0.095,679,26.832815729997478,297,0,0.0,0
457,1.0,0.0019,-14.0,0.095,691,26.832815729997478,307,12,0.0,10
458,1.0,0.0019,-14.0,0.095,691,26.832815729997478,307,0,0.0,0
459,1.0,0.0019,-14.0,0.095,691,26.832815729997478,307,0,0.0,0
460,1.0,0.0019,-14.0,0.095,703,26.832815729997478,297,12,0.0,-10
461,1.0,0.0019,-14.0,0.095,715,26.832815729997478,307,12,0.0,10
462,1.0,0.0019,-14.0,0.095,715,26.832815729997478,307,0,0.0,0
463,1.0,0.0019,-14.0,0.095,715,26.832815729997478,307,0,0.0,0
464,1.0,0.0019,-14.0,0.095,715,26.832815729997478,307,0,0.0,0
465,1.0,0.0019,-14.0,0.095,715,26.832815729997478,307,0,0.0,0
466,1.0,0.0019,-14.0,0.095,727,26.832815729997478,319,12,0.0,12
467,1.0,0.0019,-14.0,0.095,733,28.178005607210743,325,6,1.345189877213265,6
468,1.0,0.0019,-14.0,0.095,745,28.178005607210743,331,12,0.0,6
469,1.0,0.0019,-14.0,0.095,745,28.178005607210743,331,0,0.0,0
470,1.0,0.0019,-14.0,0.095,745,28.178005607210743,331,0,0.0,0
471,1.0,0.0019,-14.0,0.095,745,28.178005607210743,331,0,0.0,0
472,1.0,0.0019,-14.0,0.095,745,28.178005607210743,331,0,0.0,0
473,1.0,0.0019,-14.0,0.095,745,28.178005607210743,331,0,0.0,0
474,1.0,0.0019,-14.0,0.095,745,28.178005607210743,331,0,0.0,0
475,1.0,0.0019,-14.0,0.095,745,28.178005607210743,331,0,0.0,0
476,1.0,0.0019,-14.0,0.095,745,28.178005607210743,331,0,0.0,0
477,1.0,0.0019,-14.0,0.095,745,28.178005607210743,331,0,0.0,0
478,1.0,0.0019,-14.0,0.095,745,28.178005607210743,331,0,0.0,0
479,1.0,0.0019,-14.0,0.095,745,28.178005607210743,331,0,0.0,0
480,1.0,0.0019,-14.0,0.095,757,28.178005607210743,335,12,0.0,4
481,1.0,0.0019,-14.0,0.095,757,28.178005607210743,335,0,0.0,0
482,1.0,0.0019,-14.0,0.095,757,28.178005607210743,335,0,0.0,0
483,1.0,0.0019,-14.0,0.095,757,28.178005607210743,335,0,0.0,0
484,1.0,0.0019,-14.0,0.095,757,28.178005607210743,335,0,0.0,0
485,1.0,0.0019,-14.0,0.095,757,28.178005607210743,335,0,0.0,0
486,1.0,0.0019,-14.0,0.095,757,28.178005607210743,335,0,0.0,0
487,1.0,0.0019,-14.0,0.095,763,29.068883707497267,341,6,0.8908781002865247,6
488,1.0,0.0019,-14.0,0.095,775,29.068883707497267,347,12,0.0,6
489,1.0,0.0019,-14.0,0.095,775,29.068883707497267,347,0,0.0,0
490,1.0,0.0019,-14.0,0.095,775,29.068883707497267,347,0,0.0,0
491,1.0,0.0019,-14.0,0.095,775,29.068883707497267,347,0,0.0,0
492,1.0,0.0019,-14.0,0.095,775,29.068883707497267,347,0,0.0,0
493,1.0,0.0019,-14.0,0.095,775,29.068883707497267,347,0,0.0,0
494,1.0,0.0019,-14.0,0.095,787,29.068883707497267,359,12,0.0,12
495,1.0,0.0019,-14.0,0.095,787,29.068883707497267,359,0,0.0,0
496,1.0,0.0019,-14.0,0.095,799,29.068883707497267,369,12,0.0,10
497,1.0,0.0019,-14.0,0.095,811,29.068883707497267,359,12,0.0,-10
498,1.0,0.0019,-14.0,0.095,811,29.068883707497267,359,0,0.0,0
499,1.0,0.0019,-14.0,0.095,811,29.068883707497267,359,0,0.0,0
500,1.0,0.0019,-14.0,0.095,811,29.068883707497267,359,0,0.0,0
501,1.0,0.0019,-14.0,0.095,811,29.068883707497267,359,0,0.0,0
502,1.0,0.0019,-14.0,0.095,811,29.068883707497267,359,0,0.0,0
503,1.0,0.0019,-14.0,0.095,811,29.068883707497267,359,0,0.0,0
504,1.0,0.0019,-14.0,0.095,811,29.068883707497267,359,0,0.0,0
505,1.0,0.0019,-14.0,0.095,811,29.068883707497267,359,0,0.0,0
506,1.0,0.0019,-14.0,0.095,811,29.068883707497267,359,0,0.0,0
507,1.0,0.0019,-14.0,0.095,817,30.4138126514911,365,6,1.344928943993832,6
508,1.0,0.0019,-14.0,0.095,829,30.4138126514911,371,12,0.0,6
509,1.0,0.0019,-14.0,0.095,829,30.4138126514911,371,0,0.0,0
510,1.0,0.0019,-14.0,0.095,841,30.4138126514911,367,12,0.0,-4
511,1.0,0.0019,-14.0,0.095,841,30.4138126514911,367,0,0.0,0
512,1.0,0.0019,-14.0,0.095,841,30.4138126514911,367,0,0.0,0
513,1.0,0.0019,-14.0,0.095,841,30.4138126514911,367,0,0.0,0
514,1.0,0.0019,-14.0,0.095,841,30.4138126514911,367,0,0.0,0
515,1.0,0.0019,-14.0,0.095,841,30.4138126514911,367,0,0.0,0
516,1.0,0.0019,-14.0,0.095,841,30.4138126514911,367,0,0.0,0
517,1.0,0.0019,-14.0,0.095,841,30.4138126514911,367,0,0.0,0
518,1.0,0.0019,-14.0,0.095,853,30.4138126514911,367,12,0.0,0
519,1.0,0.0019,-14.0,0.095,853,30.4138126514911,367,0,0.0,0
520,1.0,0.0019,-14.0,0.095,853,30.4138126514911,367,0,0.0,0
521,1.0,0.0019,-14.0,0.095,853,30.4138126514911,367,0,0.0,0
522,1.0,0.0019,-14.0,0.095,853,30.4138126514911,367,0,0.0,0
523,1.0,0.0019,-14.0,0.095,853,30.4138126514911,367,0,0.0,0
524,1.0,0.0019,-14.0,0.095,853,30.4138126514911,367,0,0.0,0
525,1.0,0.0019,-14.0,0.095,865,30.4138126514911,367,12,0.0,0
526,1.0,0.0019,-14.0,0.095,877,30.4138126514911,379,12,0.0,12
527,1.0,0.0019,-14.0,0.095,883,31.304951684997057,385,6,0.8911390335059579,6
528,1.0,0.0019,-14.0,0.095,895,31.304951684997057,391,12,0.0,6
529,1.0,0.0019,-14.0,0.095,895,31.304951684997057,391,0,0.0,0
530,1.0,0.0019,-14.0,0.095,895,31.304951684997057,391,0,0.0,0
531,1.0,0.0019,-14.0,0.095,895,31.304951684997057,391,0,0.0,0
532,1.0,0.0019,-14.0,0.095,895,31.304951684997057,391,0,0.0,0
533,1.0,0.0019,-14.0,0.095,895,31.304951684997057,391,0,0.0,0
534,1.0,0.0019,-14.0,0.095,895,31.304951684997057,391,0,0.0,0
535,1.0,0.0019,-14.0,0.095,895,31.304951684997057,391,0,0.0,0
536,1.0,0.0019,-14.0,0.095,895,31.304951684997057,391,0,0.0,0
537,1.0,0.0019,-14.0,0.095,895,31.304951684997057,391,0,0.0,0
538,1.0,0.0019,-14.0,0.095,895,31.304951684997057,391,0,0.0,0
539,1.0,0.0019,-14.0,0.095,907,31.304951684997057,395,12,0.0,4
540,1.0,0.0019,-14.0,0.095,907,31.304951684997057,395,0,0.0,0
541,1.0,0.0019,-14.0,0.095,907,31.304951684997057,395,0,0.0,0
542,1.0,0.0019,-14.0,0.095,907,31.304951684997057,395,0,0.0,0
543,1.0,0.0019,-14.0,0.095,907,31.304951684997057,395,0,0.0,0
544,1.0,0.0019,-14.0,0.095,907,31.304951684997057,395,0,0.0,0
545,1.0,0.0019,-14.0,0.095,907,31.304951684997057,395,0,0.0,0
546,1.0,0.0019,-14.0,0.095,907,31.304951684997057,395,0,0.0,0
547,1.0,0.0019,-14.0,0.095,913,32.64965543462902,401,6,1.344703749631961,6
548,1.0,0.0019,-14.0,0.095,925,32.64965543462902,407,12,0.0,6
549,1.0,0.0019,-14.0,0.095,925,32.64965543462902,407,0,0.0,0
550,1.0,0.0019,-14.0,0.095,925,32.64965543462902,407,0,0.0,0
551,1.0,0.0019,-14.0,0.095,925,32.64965543462902,407,0,0.0,0
552,1.0,0.0019,-14.0,0.095,937,32.64965543462902,407,12,0.0,0
553,1.0,0.0019,-14.0,0.095,937,32.64965543462902,407,0,0.0,0
554,1.0,0.0019,-14.0,0.095,937,32.64965543462902,407,0,0.0,0
555,1.0,0.0019,-14.0,0.095,937,32.64965543462902,407,0,0.0,0
556,1.0,0.0019,-14.0,0.095,937,32.64965543462902,407,0,0.0,0
557,1.0,0.0019,-14.0,0.095,937,32.64965543462902,407,0,0.0,0
558,1.0,0.0019,-14.0,0.095,937,32.64965543462902,407,0,0.0,0
559,1.0,0.0019,-14.0,0.095,937,32.64965543462902,407,0,0.0,0
560,1.0,0.0019,-14.0,0.095,937,32.64965543462902,407,0,0.0,0
561,1.0,0.0019,-14.0,0.095,949,32.64965543462902,419,12,0.0,12
562,1.0,0.0019,-14.0,0.095,949,32.64965543462902,419,0,0.0,0
563,1.0,0.0019,-14.0,0.095,949,32.64965543462902,419,0,0.0,0
564,1.0,0.0019,-14.0,0.095,949,32.64965543462902,419,0,0.0,0
565,1.0,0.0019,-14.0,0.095,961,32.64965543462902,419,12,0.0,0
566,1.0,0.0019,-14.0,0.095,961,32.64965543462902,419,0,0.0,0
567,1.0,0.0019,-14.0,0.095,967,33.54101966249684,425,6,0.8913642278678253,6
568,1.0,0.0019,-14.0,0.095,991,33.54101966249684,431,24,0.0,6
569,1.0,0.0019,-14.0,0.095,991,33.54101966249684,431,0,0.0,0
570,1.0,0.0019,-14.0,0.095,991,33.54101966249684,431,0,0.0,0
571,1.0,0.0019,-14.0,0.095,991,33.54101966249684,431,0,0.0,0
572,1.0,0.0019,-14.0,0.095,991,33.54101966249684,431,0,0.0,0
573,1.0,0.0019,-14.0,0.095,991,33.54101966249684,431,0,0.0,0
574,1.0,0.0019,-14.0,0.095,991,33.54101966249684,431,0,0.0,0
575,1.0,0.0019,-14.0,0.095,991,33.54101966249684,431,0,0.0,0
576,1.0,0.0019,-14.0,0.095,991,33.54101966249684,431,0,0.0,0
577,1.0,0.0019,-14.0,0.095,991,33.54101966249684,431,0,0.0,0
578,1.0,0.0019,-14.0,0.095,1003,33.54101966249684,419,12,0.0,-12
579,1.0,0.0019,-14.0,0.095,1003,33.54101966249684,419,0,0.0,0
580,1.0,0.0019,-14.0,0.095,1003,33.54101966249684,419,0,0.0,0
581,1.0,0.0019,-14.0,0.095,1003,33.54101966249684,419,0,0.0,0
582,1.0,0.0019,-14.0,0.095,1003,33.54101966249684,419,0,0.0,0
583,1.0,0.0019,-14.0,0.095,1003,33.54101966249684,419,0,0.0,0
584,1.0,0.0019,-14.0,0.095,1015,33.54101966249684,419,12,0.0,0
585,1.0,0.0019,-14.0,0.095,1015,33.54101966249684,419,0,0.0,0
586,1.0,0.0019,-14.0,0.095,1015,33.54101966249684,419,0,0.0,0
587,1.0,0.0019,-14.0,0.095,1021,34.88552708502482,425,6,1.3445074225279754,6
588,1.0,0.0019,-14.0,0.095,1033,34.88552708502482,431,12,0.0,6
589,1.0,0.0019,-14.0,0.095,1045,34.88552708502482,443,12,0.0,12
590,1.0,0.0019,-14.0,0.095,1057,34.88552708502482,443,12,0.0,0
591,1.0,0.0019,-14.0,0.095,1069,34.88552708502482,455,12,0.0,12
592,1.0,0.0019,-14.0,0.095,1075,34.88552708502482,437,6,0.0,-18
593,1.0,0.0019,-14.0,0.095,1075,34.88552708502482,437,0,0.0,0
594,1.0,0.0019,-14.0,0.095,1075,34.88552708502482,437,0,0.0,0
595,1.0,0.0019,-14.0,0.095,1087,34.88552708502482,441,12,0.0,4
596,1.0,0.0019,-14.0,0.095,1087,34.88552708502482,441,0,0.0,0
597,1.0,0.0019,-14.0,0.095,1087,34.88552708502482,441,0,0.0,0
598,1.0,0.0019,-14.0,0.095,1099,34.88552708502482,443,12,0.0,2
599,1.0,0.0019,-14.0,0.095,1099,34.88552708502482,443,0,0.0,0
600,1.0,0.0019,-14.0,0.095,1099,34.88552708502482,443,0,0.0,0
601,1.0,0.0019,-14.0,0.095,1111,34.88552708502482,455,12,0.0,12
602,1.0,0.0019,-14.0,0.095,1111,34.88552708502482,455,0,0.0,0
603,1.0,0.0019,-14.0,0.095,1111,34.88552708502482,455,0,0.0,0
604,1.0,0.0019,-14.0,0.095,1111,34.88552708502482,455,0,0.0,0
605,1.0,0.0019,-14.0,0.095,1111,34.88552708502482,455,0,0.0,0
606,1.0,0.0019,-14.0,0.095,1111,34.88552708502482,455,0,0.0,0
607,1.0,0.0019,-14.0,0.095,1129,35.77708763999664,467,18,0.891560554971818,12
608,1.0,0.0019,-14.0,0.095,1141,35.77708763999664,467,12,0.0,0
609,1.0,0.0019,-14.0,0.095,1141,35.77708763999664,467,0,0.0,0
610,1.0,0.0019,-14.0,0.095,1141,35.77708763999664,467,0,0.0,0
611,1.0,0.0019,-14.0,0.095,1153,35.77708763999664,479,12,0.0,12
612,1.0,0.0019,-14.0,0.095,1153,35.77708763999664,479,0,0.0,0
613,1.0,0.0019,-14.0,0.095,1153,35.77708763999664,479,0,0.0,0
614,1.0,0.0019,-14.0,0.095,1153,35.77708763999664,479,0,0.0,0
615,1.0,0.0019,-14.0,0.095,1153,35.77708763999664,479,0,0.0,0
616,1.0,0.0019,-14.0,0.095,1153,35.77708763999664,479,0,0.0,0
617,1.0,0.0019,-14.0,0.095,1153,35.77708763999664,479,0,0.0,0
618,1.0,0.0019,-14.0,0.095,1153,35.77708763999664,479,0,0.0,0
619,1.0,0.0019,-14.0,0.095,1165,35.77708763999664,491,12,0.0,12
620,1.0,0.0019,-14.0,0.095,1165,35.77708763999664,491,0,0.0,0
621,1.0,0.0019,-14.0,0.095,1165,35.77708763999664,491,0,0.0,0
622,1.0,0.0019,-14.0,0.095,1165,35.77708763999664,491,0,0.0,0
623,1.0,0.0019,-14.0,0.095,1165,35.77708763999664,491,0,0.0,0
624,1.0,0.0019,-14.0,0.095,1165,35.77708763999664,491,0,0.0,0
625,1.0,0.0019,-14.0,0.095,1165,35.77708763999664,491,0,0.0,0
626,1.0,0.0019,-14.0,0.095,1165,35.77708763999664,491,0,0.0,0
627,1.0,0.0019,-14.0,0.095,1183,37.12142238654117,477,18,1.3443347465445328,-14
628,1.0,0.0019,-14.0,0.095,1195,37.12142238654117,483,12,0.0,6
629,1.0,0.0019,-14.0,0.095,1195,37.12142238654117,483,0,0.0,0
630,1.0,0.0019,-14.0,0.095,1207,37.12142238654117,483,12,0.0,0
631,1.0,0.0019,-14.0,0.095,1207,37.12142238654117,483,0,0.0,0
632,1.0,0.0019,-14.0,0.095,1207,37.12142238654117,483,0,0.0,0
633,1.0,0.0019,-14.0,0.095,1207,37.12142238654117,483,0,0.0,0
634,1.0,0.0019,-14.0,0.095,1207,37.12142238654117,483,0,0.0,0
635,1.0,0.0019,-14.0,0.095,1207,37.12142238654117,483,0,0.0,0
636,1.0,0.0019,-14.0,0.095,1207,37.12142238654117,483,0,0.0,0
637,1.0,0.0019,-14.0,0.095,1219,37.12142238654117,495,12,0.0,12
638,1.0,0.0019,-14.0,0.095,1219,37.12142238654117,495,0,0.0,0
639,1.0,0.0019,-14.0,0.095,1219,37.12142238654117,495,0,0.0,0
640,1.0,0.0019,-14.0,0.095,1219,37.12142238654117,495,0,0.0,0
641,1.0,0.0019,-14.0,0.095,1231,37.12142238654117,499,12,0.0,4
642,1.0,0.0019,-14.0,0.095,1231,37.12142238654117,499,0,0.0,0
643,1.0,0.0019,-14.0,0.095,1231,37.12142238654117,499,0,0.0,0
644,1.0,0.0019,-14.0,0.095,1231,37.12142238654117,499,0,0.0,0
645,1.0,0.0019,-14.0,0.095,1231,37.12142238654117,499,0,0.0,0
646,1.0,0.0019,-14.0,0.095,1231,37.12142238654117,499,0,0.0,0
647,1.0,0.0019,-14.0,0.095,1237,38.01315561749642,505,6,0.8917332309552535,6
648,1.0,0.0019,-14.0,0.095,1249,38.01315561749642,511,12,0.0,6
649,1.0,0.0019,-14.0,0.095,1249,38.01315561749642,511,0,0.0,0
650,1.0,0.0019,-14.0,0.095,1273,38.01315561749642,507,24,0.0,-4
651,1.0,0.0019,-14.0,0.095,1273,38.01315561749642,507,0,0.0,0
652,1.0,0.0019,-14.0,0.095,1273,38.01315561749642,507,0,0.0,0
653,1.0,0.0019,-14.0,0.095,1273,38.01315561749642,507,0,0.0,0
654,1.0,0.0019,-14.0,0.095,1273,38.01315561749642,507,0,0.0,0
655,1.0,0.0019,-14.0,0.095,1273,38.01315561749642,507,0,0.0,0
656,1.0,0.0019,-14.0,0.095,1273,38.01315561749642,507,0,0.0,0
657,1.0,0.0019,-14.0,0.095,1273,38.01315561749642,507,0,0.0,0
658,1.0,0.0019,-14.0,0.095,1273,38.01315561749642,507,0,0.0,0
659,1.0,0.0019,-14.0,0.095,1273,38.01315561749642,507,0,0.0,0
660,1.0,0.0019,-14.0,0.095,1273,38.01315561749642,507,0,0.0,0
661,1.0,0.0019,-14.0,0.095,1273,38.01315561749642,507,0,0.0,0
662,1.0,0.0019,-14.0,0.095,1273,38.01315561749642,507,0,0.0,0
663,1.0,0.0019,-14.0,0.095,1285,38.01315561749642,507,12,0.0,0
664,1.0,0.0019,-14.0,0.095,1285,38.01315561749642,507,0,0.0,0
665,1.0,0.0019,-14.0,0.095,1297,38.01315561749642,519,12,0.0,12
666,1.0,0.0019,-14.0,0.095,1297,38.01315561749642,519,0,0.0,0
667,1.0,0.0019,-14.0,0.095,1315,39.35733730830886,531,18,1.3441816908124338,12
668,1.0,0.0019,-14.0,0.095,1315,39.35733730830886,531,0,0.0,0
669,1.0,0.0019,-14.0,0.095,1327,39.35733730830886,511,12,0.0,-20
670,1.0,0.0019,-14.0,0.095,1327,39.35733730830886,511,0,0.0,0
671,1.0,0.0019,-14.0,0.095,1327,39.35733730830886,511,0,0.0,0
672,1.0,0.0019,-14.0,0.095,1327,39.35733730830886,511,0,0.0,0
673,1.0,0.0019,-14.0,0.095,1327,39.35733730830886,511,0,0.0,0
674,1.0,0.0019,-14.0,0.095,1327,39.35733730830886,511,0,0.0,0
675,1.0,0.0019,-14.0,0.095,1327,39.35733730830886,511,0,0.0,0
676,1.0,0.0019,-14.0,0.095,1327,39.35733730830886,511,0,0.0,0
677,1.0,0.0019,-14.0,0.095,1327,39.35733730830886,511,0,0.0,0
678,1.0,0.0019,-14.0,0.095,1327,39.35733730830886,511,0,0.0,0
679,1.0,0.0019,-14.0,0.095,1339,39.35733730830886,515,12,0.0,4
680,1.0,0.0019,-14.0,0.095,1351,39.35733730830886,527,12,0.0,12
681,1.0,0.0019,-14.0,0.095,1351,39.35733730830886,527,0,0.0,0
682,1.0,0.0019,-14.0,0.095,1351,39.35733730830886,527,0,0.0,0
683,1.0,0.0019,-14.0,0.095,1351,39.35733730830886,527,0,0.0,0
684,1.0,0.0019,-14.0,0.095,1363,39.35733730830886,523,12,0.0,-4
685,1.0,0.0019,-14.0,0.095,1363,39.35733730830886,523,0,0.0,0
686,1.0,0.0019,-14.0,0.095,1363,39.35733730830886,523,0,0.0,0
687,1.0,0.0019,-14.0,0.095,1381,40.24922359499622,521,18,0.8918862866873596,-2
688,1.0,0.0019,-14.0,0.095,1393,40.24922359499622,527,12,0.0,6
689,1.0,0.0019,-14.0,0.095,1393,40.24922359499622,527,0,0.0,0
690,1.0,0.0019,-14.0,0.095,1393,40.24922359499622,527,0,0.0,0
691,1.0,0.0019,-14.0,0.095,1393,40.24922359499622,527,0,0.0,0
692,1.0,0.0019,-14.0,0.095,1405,40.24922359499622,523,12,0.0,-4
693,1.0,0.0019,-14.0,0.095,1405,40.24922359499622,523,0,0.0,0
694,1.0,0.0019,-14.0,0.095,1417,40.24922359499622,523,12,0.0,0
695,1.0,0.0019,-14.0,0.095,1417,40.24922359499622,523,0,0.0,0
696,1.0,0.0019,-14.0,0.095,1417,40.24922359499622,523,0,0.0,0
697,1.0,0.0019,-14.0,0.095,1417,40.24922359499622,523,0,0.0,0
698,1.0,0.0019,-14.0,0.095,1417,40.24922359499622,523,0,0.0,0
699,1.0,0.0019,-14.0,0.095,1417,40.24922359499622,523,0,0.0,0
700,1.0,0.0019,-14.0,0.095,1417,40.24922359499622,523,0,0.0,0
701,1.0,0.0019,-14.0,0.095,1429,40.24922359499622,519,12,0.0,-4
702,1.0,0.0019,-14.0,0.095,1429,40.24922359499622,519,0,0.0,0
703,1.0,0.0019,-14.0,0.095,1429,40.24922359499622,519,0,0.0,0
704,1.0,0.0019,-14.0,0.095,1429,40.24922359499622,519,0,0.0,0
705,1.0,0.0019,-14.0,0.095,1429,40.24922359499622,519,0,0.0,0
706,1.0,0.0019,-14.0,0.095,1429,40.24922359499622,519,0,0.0,0
707,1.0,0.0019,-14.0,0.095,1447,41.593268686170845,525,18,1.3440450911746282,6
708,1.0,0.0019,-14.0,0.095,1459,41.593268686170845,531,12,0.0,6
709,1.0,0.0019,-14.0,0.095,1459,41.593268686170845,531,0,0.0,0
710,1.0,0.0019,-14.0,0.095,1459,41.593268686170845,531,0,0.0,0
711,1.0,0.0019,-14.0,0.095,1459,41.593268686170845,531,0,0.0,0
712,1.0,0.0019,-14.0,0.095,1459,41.593268686170845,531,0,0.0,0
713,1.0,0.0019,-14.0,0.095,1471,41.593268686170845,511,12,0.0,-20
714,1.0,0.0019,-14.0,0.095,1483,41.593268686170845,511,12,0.0,0
715,1.0,0.0019,-14.0,0.095,1483,41.593268686170845,511,0,0.0,0
716,1.0,0.0019,-14.0,0.095,1483,41.593268686170845,511,0,0.0,0
717,1.0,0.0019,-14.0,0.095,1483,41.593268686170845,511,0,0.0,0
718,1.0,0.0019,-14.0,0.095,1483,41.593268686170845,511,0,0.0,0
719,1.0,0.0019,-14.0,0.095,1483,41.593268686170845,511,0,0.0,0
720,1.0,0.0019,-14.0,0.095,1495,41.593268686170845,511,12,0.0,0
721,1.0,0.0019,-14.0,0.095,1495,41.593268686170845,511,0,0.0,0
722,1.0,0.0019,-14.0,0.095,1519,41.593268686170845,519,24,0.0,8
723,1.0,0.0019,-14.0,0.095,1531,41.593268686170845,521,12,0.0,2
724,1.0,0.0019,-14.0,0.095,1555,41.593268686170845,533,24,0.0,12
725,1.0,0.0019,-14.0,0.095,1555,41.593268686170845,533,0,0.0,0
726,1.0,0.0019,-14.0,0.095,1555,41.593268686170845,533,0,0.0,0
727,1.0,0.0019,-14.0,0.095,1573,42.485291572496,545,18,0.892022886325158,12
728,1.0,0.0019,-14.0,0.095,1585,42.485291572496,557,12,0.0,12
729,1.0,0.0019,-14.0,0.095,1585,42.485291572496,557,0,0.0,0
730,1.0,0.0019,-14.0,0.095,1585,42.485291572496,557,0,0.0,0
731,1.0,0.0019,-14.0,0.095,1585,42.485291572496,557,0,0.0,0
732,1.0,0.0019,-14.0,0.095,1597,42.485291572496,569,12,0.0,12
733,1.0,0.0019,-14.0,0.095,1597,42.485291572496,569,0,0.0,0
734,1.0,0.0019,-14.0,0.095,1597,42.485291572496,569,0,0.0,0
735,1.0,0.0019,-14.0,0.095,1597,42.485291572496,569,0,0.0,0
736,1.0,0.0019,-14.0,0.095,1609,42.485291572496,581,12,0.0,12
737,1.0,0.0019,-14.0,0.095,1609,42.485291572496,581,0,0.0,0
738,1.0,0.0019,-14.0,0.095,1609,42.485291572496,581,0,0.0,0
739,1.0,0.0019,-14.0,0.095,1609,42.485291572496,581,0,0.0,0
740,1.0,0.0019,-14.0,0.095,1621,42.485291572496,569,12,0.0,-12
741,1.0,0.0019,-14.0,0.095,1621,42.485291572496,569,0,0.0,0
742,1.0,0.0019,-14.0,0.095,1621,42.485291572496,569,0,0.0,0
743,1.0,0.0019,-14.0,0.095,1621,42.485291572496,569,0,0.0,0
744,1.0,0.0019,-14.0,0.095,1621,42.485291572496,569,0,0.0,0
745,1.0,0.0019,-14.0,0.095,1621,42.485291572496,569,0,0.0,0
746,1.0,0.0019,-14.0,0.095,1621,42.485291572496,569,0,0.0,0
747,1.0,0.0019,-14.0,0.095,1627,43.829214001622255,575,6,1.343922429126252,6
748,1.0,0.0019,-14.0,0.095,1639,43.829214001622255,581,12,0.0,6
749,1.0,0.0019,-14.0,0.095,1639,43.829214001622255,581,0,0.0,0
750,1.0,0.0019,-14.0,0.095,1651,43.829214001622255,577,12,0.0,-4
751,1.0,0.0019,-14.0,0.095,1651,43.829214001622255,577,0,0.0,0
752,1.0,0.0019,-14.0,0.095,1651,43.829214001622255,577,0,0.0,0
753,1.0,0.0019,-14.0,0.095,1663,43.829214001622255,577,12,0.0,0
754,1.0,0.0019,-14.0,0.095,1675,43.829214001622255,581,12,0.0,4
755,1.0,0.0019,-14.0,0.095,1675,43.829214001622255,581,0,0.0,0
756,1.0,0.0019,-14.0,0.095,1675,43.829214001622255,581,0,0.0,0
757,1.0,0.0019,-14.0,0.095,1675,43.829214001622255,581,0,0.0,0
758,1.0,0.0019,-14.0,0.095,1675,43.829214001622255,581,0,0.0,0
759,1.0,0.0019,-14.0,0.095,1675,43.829214001622255,581,0,0.0,0
760,1.0,0.0019,-14.0,0.095,1699,43.829214001622255,559,24,0.0,-22
761,1.0,0.0019,-14.0,0.095,1699,43.829214001622255,559,0,0.0,0
762,1.0,0.0019,-14.0,0.095,1699,43.829214001622255,559,0,0.0,0
763,1.0,0.0019,-14.0,0.095,1699,43.829214001622255,559,0,0.0,0
764,1.0,0.0019,-14.0,0.095,1699,43.829214001622255,559,0,0.0,0
765,1.0,0.0019,-14.0,0.095,1699,43.829214001622255,559,0,0.0,0
766,1.0,0.0019,-14.0,0.095,1699,43.829214001622255,559,0,0.0,0
767,1.0,0.0019,-14.0,0.095,1705,44.721359549995796,565,6,0.8921455483735414,6
768,1.0,0.0019,-14.0,0.095,1729,44.721359549995796,571,24,0.0,6
769,1.0,0.0019,-14.0,0.095,1729,44.721359549995796,571,0,0.0,0
770,1.0,0.0019,-14.0,0.095,1729,44.721359549995796,571,0,0.0,0
771,1.0,0.0019,-14.0,0.095,1741,44.721359549995796,567,12,0.0,-4
772,1.0,0.0019,-14.0,0.095,1741,44.721359549995796,567,0,0.0,0
773,1.0,0.0019,-14.0,0.095,1741,44.721359549995796,567,0,0.0,0
774,1.0,0.0019,-14.0,0.095,1753,44.721359549995796,555,12,0.0,-12
775,1.0,0.0019,-14.0,0.095,1753,44.721359549995796,555,0,0.0,0
776,1.0,0.0019,-14.0,0.095,1753,44.721359549995796,555,0,0.0,0
777,1.0,0.0019,-14.0,0.095,1765,44.721359549995796,565,12,0.0,10
778,1.0,0.0019,-14.0,0.095,1765,44.721359549995796,565,0,0.0,0
779,1.0,0.0019,-14.0,0.095,1765,44.721359549995796,565,0,0.0,0
780,1.0,0.0019,-14.0,0.095,1765,44.721359549995796,565,0,0.0,0
781,1.0,0.0019,-14.0,0.095,1771,44.721359549995796,547,6,0.0,-18
782,1.0,0.0019,-14.0,0.095,1771,44.721359549995796,547,0,0.0,0
783,1.0,0.0019,-14.0,0.095,1771,44.721359549995796,547,0,0.0,0
784,1.0,0.0019,-14.0,0.095,1783,44.721359549995796,547,12,0.0,0
785,1.0,0.0019,-14.0,0.095,1795,44.721359549995796,551,12,0.0,4
786,1.0,0.0019,-14.0,0.095,1795,44.721359549995796,551,0,0.0,0
787,1.0,0.0019,-14.0,0.095,1825,46.06517122512408,563,30,1.3438116751282863,12
788,1.0,0.0019,-14.0,0.095,1825,46.06517122512408,563,0,0.0,0
789,1.0,0.0019,-14.0,0.095,1825,46.06517122512408,563,0,0.0,0
790,1.0,0.0019,-14.0,0.095,1837,46.06517122512408,575,12,0.0,12
791,1.0,0.0019,-14.0,0.095,1837,46.06517122512408,575,0,0.0,0
792,1.0,0.0019,-14.0,0.095,1837,46.06517122512408,575,0,0.0,0
793,1.0,0.0019,-14.0,0.095,1837,46.06517122512408,575,0,0.0,0
794,1.0,0.0019,-14.0,0.095,1849,46.06517122512408,563,12,0.0,-12
795,1.0,0.0019,-14.0,0.095,1849,46.06517122512408,563,0,0.0,0
796,1.0,0.0019,-14.0,0.095,1849,46.06517122512408,563,0,0.0,0
797,1.0,0.0019,-14.0,0.095,1849,46.06517122512408,563,0,0.0,0
798,1.0,0.0019,-14.0,0.095,1849,46.06517122512408,563,0,0.0,0
799,1.0,0.0019,-14.0,0.095,1849,46.06517122512408,563,0,0.0,0
800,1.0,0.0019,-14.0,0.095,1849,46.06517122512408,563,0,0.0,0
801,1.0,0.0019,-14.0,0.095,1849,46.06517122512408,563,0,0.0,0
802,1.0,0.0019,-14.0,0.095,1849,46.06517122512408,563,0,0.0,0
803,1.0,0.0019,-14.0,0.095,1861,46.06517122512408,541,12,0.0,-22
804,1.0,0.0019,-14.0,0.095,1861,46.06517122512408,541,0,0.0,0
805,1.0,0.0019,-14.0,0.095,1861,46.06517122512408,541,0,0.0,0
806,1.0,0.0019,-14.0,0.095,1873,46.06517122512408,541,12,0.0,0
807,1.0,0.0019,-14.0,0.095,1879,46.95742752749558,547,6,0.8922563023715,6
808,1.0,0.0019,-14.0,0.095,1891,46.95742752749558,553,12,0.0,6
809,1.0,0.0019,-14.0,0.095,1891,46.95742752749558,553,0,0.0,0
810,1.0,0.0019,-14.0,0.095,1891,46.95742752749558,553,0,0.0,0
811,1.0,0.0019,-14.0,0.095,1891,46.95742752749558,553,0,0.0,0
812,1.0,0.0019,-14.0,0.095,1891,46.95742752749558,553,0,0.0,0
813,1.0,0.0019,-14.0,0.095,1903,46.95742752749558,553,12,0.0,0
814,1.0,0.0019,-14.0,0.095,1903,46.95742752749558,553,0,0.0,0
815,1.0,0.0019,-14.0,0.095,1903,46.95742752749558,553,0,0.0,0
816,1.0,0.0019,-14.0,0.095,1903,46.95742752749558,553,0,0.0,0
817,1.0,0.0019,-14.0,0.095,1903,46.95742752749558,553,0,0.0,0
818,1.0,0.0019,-14.0,0.095,1903,46.95742752749558,553,0,0.0,0
819,1.0,0.0019,-14.0,0.095,1903,46.95742752749558,553,0,0.0,0
820,1.0,0.0019,-14.0,0.095,1915,46.95742752749558,555,12,0.0,2
821,1.0,0.0019,-14.0,0.095,1915,46.95742752749558,555,0,0.0,0
822,1.0,0.0019,-14.0,0.095,1915,46.95742752749558,555,0,0.0,0
823,1.0,0.0019,-14.0,0.095,1927,46.95742752749558,567,12,0.0,12
824,1.0,0.0019,-14.0,0.095,1939,46.95742752749558,557,12,0.0,-10
825,1.0,0.0019,-14.0,0.095,1939,46.95742752749558,557,0,0.0,0
826,1.0,0.0019,-14.0,0.095,1951,46.95742752749558,557,12,0.0,0
827,1.0,0.0019,-14.0,0.095,1957,48.30113870293329,563,6,1.3437111754377042,6
828,1.0,0.0019,-14.0,0.095,1981,48.30113870293329,569,24,0.0,6
829,1.0,0.0019,-14.0,0.095,1981,48.30113870293329,569,0,0.0,0
830,1.0,0.0019,-14.0,0.095,1993,48.30113870293329,573,12,0.0,4
831,1.0,0.0019,-14.0,0.095,2005,48.30113870293329,585,12,0.0,12
832,1.0,0.0019,-14.0,0.095,2005,48.30113870293329,585,0,0.0,0
833,1.0,0.0019,-14.0,0.095,2017,48.30113870293329,597,12,0.0,12
834,1.0,0.0019,-14.0,0.095,2017,48.30113870293329,597,0,0.0,0
835,1.0,0.0019,-14.0,0.095,2017,48.30113870293329,597,0,0.0,0
836,1.0,0.0019,-14.0,0.095,2017,48.30113870293329,597,0,0.0,0
837,1.0,0.0019,-14.0,0.095,2017,48.30113870293329,597,0,0.0,0
838,1.0,0.0019,-14.0,0.095,2017,48.30113870293329,597,0,0.0,0
839,1.0,0.0019,-14.0,0.095,2017,48.30113870293329,597,0,0.0,0
840,1.0,0.0019,-14.0,0.095,2017,48.30113870293329,597,0,0.0,0
841,1.0,0.0019,-14.0,0.095,2017,48.30113870293329,597,0,0.0,0
842,1.0,0.0019,-14.0,0.095,2029,48.30113870293329,593,12,0.0,-4
843,1.0,0.0019,-14.0,0.095,2029,48.30113870293329,593,0,0.0,0
844,1.0,0.0019,-14.0,0.095,2053,48.30113870293329,597,24,0.0,4
845,1.0,0.0019,-14.0,0.095,2053,48.30113870293329,597,0,0.0,0
846,1.0,0.0019,-14.0,0.095,2077,48.30113870293329,597,24,0.0,0
847,1.0,0.0019,-14.0,0.095,2095,49.193495504995376,609,18,0.8923568020620891,12
848,1.0,0.0019,-14.0,0.095,2095,49.193495504995376,609,0,0.0,0
849,1.0,0.0019,-14.0,0.095,2107,49.193495504995376,619,12,0.0,10
850,1.0,0.0019,-14.0,0.095,2107,49.193495504995376,619,0,0.0,0
851,1.0,0.0019,-14.0,0.095,2107,49.193495504995376,619,0,0.0,0
852,1.0,0.0019,-14.0,0.095,2131,49.193495504995376,643,24,0.0,24
853,1.0,0.0019,-14.0,0.095,2131,49.193495504995376,643,0,0.0,0
854,1.0,0.0019,-14.0,0.095,2131,49.193495504995376,643,0,0.0,0
855,1.0,0.0019,-14.0,0.095,2143,49.193495504995376,647,12,0.0,4
856,1.0,0.0019,-14.0,0.095,2143,49.193495504995376,647,0,0.0,0
857,1.0,0.0019,-14.0,0.095,2143,49.193495504995376,647,0,0.0,0
858,1.0,0.0019,-14.0,0.095,2143,49.193495504995376,647,0,0.0,0
859,1.0,0.0019,-14.0,0.095,2143,49.193495504995376,647,0,0.0,0
860,1.0,0.0019,-14.0,0.095,2143,49.193495504995376,647,0,0.0,0
861,1.0,0.0019,-14.0,0.095,2143,49.193495504995376,647,0,0.0,0
862,1.0,0.0019,-14.0,0.095,2155,49.193495504995376,625,12,0.0,-22
863,1.0,0.0019,-14.0,0.095,2155,49.193495504995376,625,0,0.0,0
864,1.0,0.0019,-14.0,0.095,2155,49.193495504995376,625,0,0.0,0
865,1.0,0.0019,-14.0,0.095,2167,49.193495504995376,625,12,0.0,0
866,1.0,0.0019,-14.0,0.095,2167,49.193495504995376,625,0,0.0,0
867,1.0,0.0019,-14.0,0.095,2173,50.53711507397311,631,6,1.3436195689777364,6
868,1.0,0.0019,-14.0,0.095,2197,50.53711507397311,635,24,0.0,4
869,1.0,0.0019,-14.0,0.095,2197,50.53711507397311,635,0,0.0,0
870,1.0,0.0019,-14.0,0.095,2197,50.53711507397311,635,0,0.0,0
871,1.0,0.0019,-14.0,0.095,2197,50.53711507397311,635,0,0.0,0
872,1.0,0.0019,-14.0,0.095,2197,50.53711507397311,635,0,0.0,0
873,1.0,0.0019,-14.0,0.095,2209,50.53711507397311,635,12,0.0,0
874,1.0,0.0019,-14.0,0.095,2209,50.53711507397311,635,0,0.0,0
875,1.0,0.0019,-14.0,0.095,2209,50.53711507397311,635,0,0.0,0
876,1.0,0.0019,-14.0,0.095,2209,50.53711507397311,635,0,0.0,0
877,1.0,0.0019,-14.0,0.095,2209,50.53711507397311,635,0,0.0,0
878,1.0,0.0019,-14.0,0.095,2209,50.53711507397311,635,0,0.0,0
879,1.0,0.0019,-14.0,0.095,2209,50.53711507397311,635,0,0.0,0
880,1.0,0.0019,-14.0,0.095,2221,50.53711507397311,625,12,0.0,-10
881,1.0,0.0019,-14.0,0.095,2221,50.53711507397311,625,0,0.0,0
882,1.0,0.0019,-14.0,0.095,2221,50.53711507397311,625,0,0.0,0
883,1.0,0.0019,-14.0,0.095,2221,50.53711507397311,625,0,0.0,0
884,1.0,0.0019,-14.0,0.095,2233,50.53711507397311,637,12,0.0,12
885,1.0,0.0019,-14.0,0.095,2233,50.53711507397311,637,0,0.0,0
886,1.0,0.0019,-14.0,0.095,2233,50.53711507397311,637,0,0.0,0
887,1.0,0.0019,-14.0,0.095,2239,51.42956348249516,643,6,0.8924484085220499,6
888,1.0,0.0019,-14.0,0.095,2275,51.42956348249516,649,36,0.0,6
889,1.0,0.0019,-14.0,0.095,2275,51.42956348249516,649,0,0.0,0
890,1.0,0.0019,-14.0,0.095,2275,51.42956348249516,649,0,0.0,0
891,1.0,0.0019,-14.0,0.095,2275,51.42956348249516,649,0,0.0,0
892,1.0,0.0019,-14.0,0.095,2287,51.42956348249516,661,12,0.0,12
893,1.0,0.0019,-14.0,0.095,2287,51.42956348249516,661,0,0.0,0
894,1.0,0.0019,-14.0,0.095,2299,51.42956348249516,665,12,0.0,4
895,1.0,0.0019,-14.0,0.095,2299,51.42956348249516,665,0,0.0,0
896,1.0,0.0019,-14.0,0.095,2299,51.42956348249516,665,0,0.0,0
897,1.0,0.0019,-14.0,0.095,2311,51.42956348249516,677,12,0.0,12
898,1.0,0.0019,-14.0,0.095,2311,51.42956348249516,677,0,0.0,0
899,1.0,0.0019,-14.0,0.095,2323,51.42956348249516,665,12,0.0,-12
900,1.0,0.0019,-14.0,0.095,2323,51.42956348249516,665,0,0.0,0
901,1.0,0.0019,-14.0,0.095,2335,51.42956348249516,677,12,0.0,12
902,1.0,0.0019,-14.0,0.095,2335,51.42956348249516,677,0,0.0,0
903,1.0,0.0019,-14.0,0.095,2359,51.42956348249516,677,24,0.0,0
904,1.0,0.0019,-14.0,0.095,2383,51.42956348249516,681,24,0.0,4
905,1.0,0.0019,-14.0,0.095,2395,51.42956348249516,691,12,0.0,10
906,1.0,0.0019,-14.0,0.095,2407,51.42956348249516,691,12,0.0,0
907,1.0,0.0019,-14.0,0.095,2425,52.773099207835045,703,18,1.3435357253398834,12
908,1.0,0.0019,-14.0,0.095,2425,52.773099207835045,703,0,0.0,0
909,1.0,0.0019,-14.0,0.095,2425,52.773099207835045,703,0,0.0,0
910,1.0,0.0019,-14.0,0.095,2437,52.773099207835045,705,12,0.0,2
911,1.0,0.0019,-14.0,0.095,2437,52.773099207835045,705,0,0.0,0
912,1.0,0.0019,-14.0,0.095,2437,52.773099207835045,705,0,0.0,0
913,1.0,0.0019,-14.0,0.095,2437,52.773099207835045,705,0,0.0,0
914,1.0,0.0019,-14.0,0.095,2449,52.773099207835045,687,12,0.0,-18
915,1.0,0.0019,-14.0,0.095,2461,52.773099207835045,699,12,0.0,12
916,1.0,0.0019,-14.0,0.095,2473,52.773099207835045,711,12,0.0,12
917,1.0,0.0019,-14.0,0.095,2473,52.773099207835045,711,0,0.0,0
918,1.0,0.0019,-14.0,0.095,2473,52.773099207835045,711,0,0.0,0
919,1.0,0.0019,-14.0,0.095,2485,52.773099207835045,707,12,0.0,-4
920,1.0,0.0019,-14.0,0.095,2485,52.773099207835045,707,0,0.0,0
921,1.0,0.0019,-14.0,0.095,2485,52.773099207835045,707,0,0.0,0
922,1.0,0.0019,-14.0,0.095,2485,52.773099207835045,707,0,0.0,0
923,1.0,0.0019,-14.0,0.095,2485,52.773099207835045,707,0,0.0,0
924,1.0,0.0019,-14.0,0.095,2485,52.773099207835045,707,0,0.0,0
925,1.0,0.0019,-14.0,0.095,2485,52.773099207835045,707,0,0.0,0
926,1.0,0.0019,-14.0,0.095,2485,52.773099207835045,707,0,0.0,0
927,1.0,0.0019,-14.0,0.095,2491,53.665631459994955,713,6,0.89253225215991,6
928,1.0,0.0019,-14.0,0.095,2503,53.665631459994955,719,12,0.0,6
929,1.0,0.0019,-14.0,0.095,2503,53.665631459994955,719,0,0.0,0
930,1.0,0.0019,-14.0,0.095,2515,53.665631459994955,709,12,0.0,-10
931,1.0,0.0019,-14.0,0.095,2527,53.665631459994955,709,12,0.0,0
932,1.0,0.0019,-14.0,0.095,2527,53.665631459994955,709,0,0.0,0
933,1.0,0.0019,-14.0,0.095,2539,53.665631459994955,709,12,0.0,0
934,1.0,0.0019,-14.0,0.095,2551,53.665631459994955,721,12,0.0,12
935,1.0,0.0019,-14.0,0.095,2551,53.665631459994955,721,0,0.0,0
936,1.0,0.0019,-14.0,0.095,2563,53.665631459994955,733,12,0.0,12
937,1.0,0.0019,-14.0,0.095,2563,53.665631459994955,733,0,0.0,0
938,1.0,0.0019,-14.0,0.095,2575,53.665631459994955,745,12,0.0,12
939,1.0,0.0019,-14.0,0.095,2575,53.665631459994955,745,0,0.0,0
940,1.0,0.0019,-14.0,0.095,2575,53.665631459994955,745,0,0.0,0
941,1.0,0.0019,-14.0,0.095,2575,53.665631459994955,745,0,0.0,0
942,1.0,0.0019,-14.0,0.095,2575,53.665631459994955,745,0,0.0,0
943,1.0,0.0019,-14.0,0.095,2575,53.665631459994955,745,0,0.0,0
944,1.0,0.0019,-14.0,0.095,2575,53.665631459994955,745,0,0.0,0
945,1.0,0.0019,-14.0,0.095,2575,53.665631459994955,745,0,0.0,0
946,1.0,0.0019,-14.0,0.095,2575,53.665631459994955,745,0,0.0,0
947,1.0,0.0019,-14.0,0.095,2581,55.00909015790027,751,6,1.3434586979053122,6
948,1.0,0.0019,-14.0,0.095,2605,55.00909015790027,757,24,0.0,6
949,1.0,0.0019,-14.0,0.095,2605,55.00909015790027,757,0,0.0,0
950,1.0,0.0019,-14.0,0.095,2617,55.00909015790027,745,12,0.0,-12
951,1.0,0.0019,-14.0,0.095,2617,55.00909015790027,745,0,0.0,0
952,1.0,0.0019,-14.0,0.095,2617,55.00909015790027,745,0,0.0,0
953,1.0,0.0019,-14.0,0.095,2617,55.00909015790027,745,0,0.0,0
954,1.0,0.0019,-14.0,0.095,2617,55.00909015790027,745,0,0.0,0
955,1.0,0.0019,-14.0,0.095,2617,55.00909015790027,745,0,0.0,0
956,1.0,0.0019,-14.0,0.095,2617,55.00909015790027,745,0,0.0,0
957,1.0,0.0019,-14.0,0.095,2617,55.00909015790027,745,0,0.0,0
958,1.0,0.0019,-14.0,0.095,2617,55.00909015790027,745,0,0.0,0
959,1.0,0.0019,-14.0,0.095,2617,55.00909015790027,745,0,0.0,0
960,1.0,0.0019,-14.0,0.095,2617,55.00909015790027,745,0,0.0,0
961,1.0,0.0019,-14.0,0.095,2617,55.00909015790027,745,0,0.0,0
962,1.0,0.0019,-14.0,0.095,2617,55.00909015790027,745,0,0.0,0
963,1.0,0.0019,-14.0,0.095,2617,55.00909015790027,745,0,0.0,0
964,1.0,0.0019,-14.0,0.095,2641,55.00909015790027,749,24,0.0,4
965,1.0,0.0019,-14.0,0.095,2689,55.00909015790027,737,48,0.0,-12
966,1.0,0.0019,-14.0,0.095,2701,55.00909015790027,737,12,0.0,0
967,1.0,0.0019,-14.0,0.095,2719,55.90169943749474,749,18,0.892609279594474,12
968,1.0,0.0019,-14.0,0.095,2719,55.90169943749474,749,0,0.0,0
969,1.0,0.0019,-14.0,0.095,2719,55.90169943749474,749,0,0.0,0
970,1.0,0.0019,-14.0,0.095,2719,55.90169943749474,749,0,0.0,0
971,1.0,0.0019,-14.0,0.095,2719,55.90169943749474,749,0,0.0,0
972,1.0,0.0019,-14.0,0.095,2719,55.90169943749474,749,0,0.0,0
973,1.0,0.0019,-14.0,0.095,2719,55.90169943749474,749,0,0.0,0
974,1.0,0.0019,-14.0,0.095,2719,55.90169943749474,749,0,0.0,0
975,1.0,0.0019,-14.0,0.095,2719,55.90169943749474,749,0,0.0,0
976,1.0,0.0019,-14.0,0.095,2719,55.90169943749474,749,0,0.0,0
977,1.0,0.0019,-14.0,0.095,2719,55.90169943749474,749,0,0.0,0
978,1.0,0.0019,-14.0,0.095,2731,55.90169943749474,745,12,0.0,-4
979,1.0,0.0019,-14.0,0.095,2743,55.90169943749474,757,12,0.0,12
980,1.0,0.0019,-14.0,0.095,2743,55.90169943749474,757,0,0.0,0
981,1.0,0.0019,-14.0,0.095,2755,55.90169943749474,769,12,0.0,12
982,1.0,0.0019,-14.0,0.095,2755,55.90169943749474,769,0,0.0,0
983,1.0,0.0019,-14.0,0.095,2755,55.90169943749474,769,0,0.0,0
984,1.0,0.0019,-14.0,0.095,2767,55.90169943749474,781,12,0.0,12
985,1.0,0.0019,-14.0,0.095,2767,55.90169943749474,781,0,0.0,0
986,1.0,0.0019,-14.0,0.095,2779,55.90169943749474,767,12,0.0,-14
987,1.0,0.0019,-14.0,0.095,2797,57.245087125446844,785,18,1.3433876879521023,18
988,1.0,0.0019,-14.0,0.095,2809,57.245087125446844,791,12,0.0,6
989,1.0,0.0019,-14.0,0.095,2809,57.245087125446844,791,0,0.0,0
990,1.0,0.0019,-14.0,0.095,2809,57.245087125446844,791,0,0.0,0
991,1.0,0.0019,-14.0,0.095,2809,57.245087125446844,791,0,0.0,0
992,1.0,0.0019,-14.0,0.095,2809,57.245087125446844,791,0,0.0,0
993,1.0,0.0019,-14.0,0.095,2821,57.245087125446844,791,12,0.0,0
994,1.0,0.0019,-14.0,0.095,2821,57.245087125446844,791,0,0.0,0
995,1.0,0.0019,-14.0,0.095,2821,57.245087125446844,791,0,0.0,0
996,1.0,0.0019,-14.0,0.095,2833,57.245087125446844,803,12,0.0,12
997,1.0,0.0019,-14.0,0.095,2845,57.245087125446844,813,12,0.0,10
998,1.0,0.0019,-14.0,0.095,2845,57.245087125446844,813,0,0.0,0
999,1.0,0.0019,-14.0,0.095,2857,57.245087125446844,801,12,0.0,-12
1000,1.0,0.0019,-14.0,0.095,2857,57.245087125446844,801,0,0.0,0
1001,1.0,0.0019,-14.0,0.095,2857,57.245087125446844,801,0,0.0,0
1002,1.0,0.0019,-14.0,0.095,2857,57.245087125446844,801,0,0.0,0
1003,1.0,0.0019,-14.0,0.095,2857,57.245087125446844,801,0,0.0,0
1004,1.0,0.0019,-14.0,0.095,2857,57.245087125446844,801,0,0.0,0
1005,1.0,0.0019,-14.0,0.095,2857,57.245087125446844,801,0,0.0,0
1006,1.0,0.0019,-14.0,0.095,2857,57.245087125446844,801,0,0.0,0
1007,1.0,0.0019,-14.0,0.095,2863,58.137767414994535,807,6,0.8926802895476911,6
1008,1.0,0.0019,-14.0,0.095,2899,58.137767414994535,813,36,0.0,6
1009,1.0,0.0019,-14.0,0.095,2923,58.137767414994535,813,24,0.0,0
1010,1.0,0.0019,-14.0,0.095,2923,58.137767414994535,813,0,0.0,0
1011,1.0,0.0019,-14.0,0.095,2923,58.137767414994535,813,0,0.0,0
1012,1.0,0.0019,-14.0,0.095,2923,58.137767414994535,813,0,0.0,0
1013,1.0,0.0019,-14.0,0.095,2923,58.137767414994535,813,0,0.0,0
1014,1.0,0.0019,-14.0,0.095,2923,58.137767414994535,813,0,0.0,0
1015,1.0,0.0019,-14.0,0.095,2923,58.137767414994535,813,0,0.0,0
1016,1.0,0.0019,-14.0,0.095,2923,58.137767414994535,813,0,0.0,0
1017,1.0,0.0019,-14.0,0.095,2923,58.137767414994535,813,0,0.0,0
1018,1.0,0.0019,-14.0,0.095,2923,58.137767414994535,813,0,0.0,0
1019,1.0,0.0019,-14.0,0.095,2923,58.137767414994535,813,0,0.0,0
1020,1.0,0.0019,-14.0,0.095,2923,58.137767414994535,813,0,0.0,0
1021,1.0,0.0019,-14.0,0.095,2935,58.137767414994535,815,12,0.0,2
1022,1.0,0.0019,-14.0,0.095,2935,58.137767414994535,815,0,0.0,0
1023,1.0,0.0019,-14.0,0.095,2935,58.137767414994535,815,0,0.0,0
1024,1.0,0.0019,-14.0,0.095,2971,58.137767414994535,809,36,0.0,-6
1025,1.0,0.0019,-14.0,0.095,2995,58.137767414994535,831,24,0.0,22
1026,1.0,0.0019,-14.0,0.095,3007,58.137767414994535,831,12,0.0,0
1027,1.0,0.0019,-14.0,0.095,3037,59.481089431852205,855,30,1.3433220168576696,24
1028,1.0,0.0019,-14.0,0.095,3037,59.481089431852205,855,0,0.0,0
1029,1.0,0.0019,-14.0,0.095,3049,59.481089431852205,859,12,0.0,4
1030,1.0,0.0019,-14.0,0.095,3049,59.481089431852205,859,0,0.0,0
1031,1.0,0.0019,-14.0,0.095,3049,59.481089431852205,859,0,0.0,0
1032,1.0,0.0019,-14.0,0.095,3061,59.481089431852205,855,12,0.0,-4
1033,1.0,0.0019,-14.0,0.095,3061,59.481089431852205,855,0,0.0,0
1034,1.0,0.0019,-14.0,0.095,3073,59.481089431852205,867,12,0.0,12
1035,1.0,0.0019,-14.0,0.095,3085,59.481089431852205,867,12,0.0,0
1036,1.0,0.0019,-14.0,0.095,3085,59.481089431852205,867,0,0.0,0
1037,1.0,0.0019,-14.0,0.095,3097,59.481089431852205,879,12,0.0,12
1038,1.0,0.0019,-14.0,0.095,3097,59.481089431852205,879,0,0.0,0
1039,1.0,0.0019,-14.0,0.095,3097,59.481089431852205,879,0,0.0,0
1040,1.0,0.0019,-14.0,0.095,3097,59.481089431852205,879,0,0.0,0
1041,1.0,0.0019,-14.0,0.095,3097,59.481089431852205,879,0,0.0,0
1042,1.0,0.0019,-14.0,0.095,3097,59.481089431852205,879,0,0.0,0
1043,1.0,0.0019,-14.0,0.095,3097,59.481089431852205,879,0,0.0,0
1044,1.0,0.0019,-14.0,0.095,3097,59.481089431852205,879,0,0.0,0
1045,1.0,0.0019,-14.0,0.095,3097,59.481089431852205,879,0,0.0,0
1046,1.0,0.0019,-14.0,0.095,3109,59.481089431852205,843,12,0.0,-36
1047,1.0,0.0019,-14.0,0.095,3115,60.37383539249432,849,6,0.8927459606421166,6
1048,1.0,0.0019,-14.0,0.095,3127,60.37383539249432,855,12,0.0,6
1049,1.0,0.0019,-14.0,0.095,3127,60.37383539249432,855,0,0.0,0
1050,1.0,0.0019,-14.0,0.095,3127,60.37383539249432,855,0,0.0,0
1051,1.0,0.0019,-14.0,0.095,3139,60.37383539249432,867,12,0.0,12
1052,1.0,0.0019,-14.0,0.095,3151,60.37383539249432,869,12,0.0,2
1053,1.0,0.0019,-14.0,0.095,3175,60.37383539249432,879,24,0.0,10
1054,1.0,0.0019,-14.0,0.095,3175,60.37383539249432,879,0,0.0,0
1055,1.0,0.0019,-14.0,0.095,3175,60.37383539249432,879,0,0.0,0
1056,1.0,0.0019,-14.0,0.095,3175,60.37383539249432,879,0,0.0,0
1057,1.0,0.0019,-14.0,0.095,3175,60.37383539249432,879,0,0.0,0
1058,1.0,0.0019,-14.0,0.095,3175,60.37383539249432,879,0,0.0,0
1059,1.0,0.0019,-14.0,0.095,3175,60.37383539249432,879,0,0.0,0
1060,1.0,0.0019,-14.0,0.095,3187,60.37383539249432,877,12,0.0,-2
1061,1.0,0.0019,-14.0,0.095,3187,60.37383539249432,877,0,0.0,0
1062,1.0,0.0019,-14.0,0.095,3187,60.37383539249432,877,0,0.0,0
1063,1.0,0.0019,-14.0,0.095,3187,60.37383539249432,877,0,0.0,0
1064,1.0,0.0019,-14.0,0.095,3187,60.37383539249432,877,0,0.0,0
1065,1.0,0.0019,-14.0,0.095,3187,60.37383539249432,877,0,0.0,0
1066,1.0,0.0019,-14.0,0.095,3187,60.37383539249432,877,0,0.0,0
1067,1.0,0.0019,-14.0,0.095,3193,61.71709649683789,883,6,1.3432611043435685,6
1068,1.0,0.0019,-14.0,0.095,3217,61.71709649683789,889,24,0.0,6
1069,1.0,0.0019,-14.0,0.095,3217,61.71709649683789,889,0,0.0,0
1070,1.0,0.0019,-14.0,0.095,3217,61.71709649683789,889,0,0.0,0
1071,1.0,0.0019,-14.0,0.095,3217,61.71709649683789,889,0,0.0,0
1072,1.0,0.0019,-14.0,0.095,3229,61.71709649683789,887,12,0.0,-2
1073,1.0,0.0019,-14.0,0.095,3229,61.71709649683789,887,0,0.0,0
1074,1.0,0.0019,-14.0,0.095,3229,61.71709649683789,887,0,0.0,0
1075,1.0,0.0019,-14.0,0.095,3229,61.71709649683789,887,0,0.0,0
1076,1.0,0.0019,-14.0,0.095,3229,61.71709649683789,887,0,0.0,0
1077,1.0,0.0019,-14.0,0.095,3229,61.71709649683789,887,0,0.0,0
1078,1.0,0.0019,-14.0,0.095,3229,61.71709649683789,887,0,0.0,0
1079,1.0,0.0019,-14.0,0.095,3229,61.71709649683789,887,0,0.0,0
1080,1.0,0.0019,-14.0,0.095,3229,61.71709649683789,887,0,0.0,0
1081,1.0,0.0019,-14.0,0.095,3241,61.71709649683789,899,12,0.0,12
1082,1.0,0.0019,-14.0,0.095,3241,61.71709649683789,899,0,0.0,0
1083,1.0,0.0019,-14.0,0.095,3241,61.71709649683789,899,0,0.0,0
1084,1.0,0.0019,-14.0,0.095,3277,61.71709649683789,893,36,0.0,-6
1085,1.0,0.0019,-14.0,0.095,3301,61.71709649683789,915,24,0.0,22
1086,1.0,0.0019,-14.0,0.095,3325,61.71709649683789,927,24,0.0,12
1087,1.0,0.0019,-14.0,0.095,3355,62.609903369994115,951,30,0.8928068731562249,24
1088,1.0,0.0019,-14.0,0.095,3367,62.609903369994115,953,12,0.0,2
1089,1.0,0.0019,-14.0,0.095,3367,62.609903369994115,953,0,0.0,0
1090,1.0,0.0019,-14.0,0.095,3367,62.609903369994115,953,0,0.0,0
1091,1.0,0.0019,-14.0,0.095,3367,62.609903369994115,953,0,0.0,0
1092,1.0,0.0019,-14.0,0.095,3385,62.609903369994115,947,18,0.0,-6
1093,1.0,0.0019,-14.0,0.095,3385,62.609903369994115,947,0,0.0,0
1094,1.0,0.0019,-14.0,0.095,3385,62.609903369994115,947,0,0.0,0
1095,1.0,0.0019,-14.0,0.095,3385,62.609903369994115,947,0,0.0,0
1096,1.0,0.0019,-14.0,0.095,3385,62.609903369994115,947,0,0.0,0
1097,1.0,0.0019,-14.0,0.095,3385,62.609903369994115,947,0,0.0,0
1098,1.0,0.0019,-14.0,0.095,3385,62.609903369994115,947,0,0.0,0
1099,1.0,0.0019,-14.0,0.095,3397,62.609903369994115,947,12,0.0,0
1100,1.0,0.0019,-14.0,0.095,3397,62.609903369994115,947,0,0.0,0
1101,1.0,0.0019,-14.0,0.095,3397,62.609903369994115,947,0,0.0,0
1102,1.0,0.0019,-14.0,0.095,3397,62.609903369994115,947,0,0.0,0
1103,1.0,0.0019,-14.0,0.095,3397,62.609903369994115,947,0,0.0,0
1104,1.0,0.0019,-14.0,0.095,3397,62.609903369994115,947,0,0.0,0
1105,1.0,0.0019,-14.0,0.095,3397,62.609903369994115,947,0,0.0,0
1106,1.0,0.0019,-14.0,0.095,3397,62.609903369994115,947,0,0.0,0
1107,1.0,0.0019,-14.0,0.095,3403,63.953107821277925,953,6,1.3432044512838104,6
1108,1.0,0.0019,-14.0,0.095,3415,63.953107821277925,959,12,0.0,6
1109,1.0,0.0019,-14.0,0.095,3415,63.953107821277925,959,0,0.0,0
1110,1.0,0.0019,-14.0,0.095,3415,63.953107821277925,959,0,0.0,0
1111,1.0,0.0019,-14.0,0.095,3415,63.953107821277925,959,0,0.0,0
1112,1.0,0.0019,-14.0,0.095,3415,63.953107821277925,959,0,0.0,0
1113,1.0,0.0019,-14.0,0.095,3427,63.953107821277925,959,12,0.0,0
1114,1.0,0.0019,-14.0,0.095,3427,63.953107821277925,959,0,0.0,0
1115,1.0,0.0019,-14.0,0.095,3427,63.953107821277925,959,0,0.0,0
1116,1.0,0.0019,-14.0,0.095,3427,63.953107821277925,959,0,0.0,0
1117,1.0,0.0019,-14.0,0.095,3427,63.953107821277925,959,0,0.0,0
1118,1.0,0.0019,-14.0,0.095,3427,63.953107821277925,959,0,0.0,0
1119,1.0,0.0019,-14.0,0.095,3427,63.953107821277925,959,0,0.0,0
1120,1.0,0.0019,-14.0,0.095,3427,63.953107821277925,959,0,0.0,0
1121,1.0,0.0019,-14.0,0.095,3427,63.953107821277925,959,0,0.0,0
1122,1.0,0.0019,-14.0,0.095,3427,63.953107821277925,959,0,0.0,0
1123,1.0,0.0019,-14.0,0.095,3427,63.953107821277925,959,0,0.0,0
1124,1.0,0.0019,-14.0,0.095,3439,63.953107821277925,959,12,0.0,0
1125,1.0,0.0019,-14.0,0.095,3439,63.953107821277925,959,0,0.0,0
1126,1.0,0.0019,-14.0,0.095,3451,63.953107821277925,969,12,0.0,10
1127,1.0,0.0019,-14.0,0.095,3469,64.8459713474939,987,18,0.8928635262159759,18
1128,1.0,0.0019,-14.0,0.095,3493,64.8459713474939,993,24,0.0,6
1129,1.0,0.0019,-14.0,0.095,3505,64.8459713474939,1005,12,0.0,12
1130,1.0,0.0019,-14.0,0.095,3505,64.8459713474939,1005,0,0.0,0
1131,1.0,0.0019,-14.0,0.095,3505,64.8459713474939,1005,0,0.0,0
1132,1.0,0.0019,-14.0,0.095,3541,64.8459713474939,1031,36,0.0,26
1133,1.0,0.0019,-14.0,0.095,3541,64.8459713474939,1031,0,0.0,0
1134,1.0,0.0019,-14.0,0.095,3553,64.8459713474939,1043,12,0.0,12
1135,1.0,0.0019,-14.0,0.095,3553,64.8459713474939,1043,0,0.0,0
1136,1.0,0.0019,-14.0,0.095,3553,64.8459713474939,1043,0,0.0,0
1137,1.0,0.0019,-14.0,0.095,3553,64.8459713474939,1043,0,0.0,0
1138,1.0,0.0019,-14.0,0.095,3565,64.8459713474939,1051,12,0.0,8
1139,1.0,0.0019,-14.0,0.095,3565,64.8459713474939,1051,0,0.0,0
1140,1.0,0.0019,-14.0,0.095,3577,64.8459713474939,1063,12,0.0,12
1141,1.0,0.0019,-14.0,0.095,3577,64.8459713474939,1063,0,0.0,0
1142,1.0,0.0019,-14.0,0.095,3577,64.8459713474939,1063,0,0.0,0
1143,1.0,0.0019,-14.0,0.095,3589,64.8459713474939,1061,12,0.0,-2
1144,1.0,0.0019,-14.0,0.095,3625,64.8459713474939,1055,36,0.0,-6
1145,1.0,0.0019,-14.0,0.095,3649,64.8459713474939,1077,24,0.0,22
1146,1.0,0.0019,-14.0,0.095,3661,64.8459713474939,1077,12,0.0,0
1147,1.0,0.0019,-14.0,0.095,3691,66.18912297349165,1101,30,1.3431516259977485,24
1148,1.0,0.0019,-14.0,0.095,3691,66.18912297349165,1101,0,0.0,0
1149,1.0,0.0019,-14.0,0.095,3703,66.18912297349165,1105,12,0.0,4
1150,1.0,0.0019,-14.0,0.095,3703,66.18912297349165,1105,0,0.0,0
1151,1.0,0.0019,-14.0,0.095,3703,66.18912297349165,1105,0,0.0,0
1152,1.0,0.0019,-14.0,0.095,3703,66.18912297349165,1105,0,0.0,0
1153,1.0,0.0019,-14.0,0.095,3715,66.18912297349165,1117,12,0.0,12
1154,1.0,0.0019,-14.0,0.095,3715,66.18912297349165,1117,0,0.0,0
1155,1.0,0.0019,-14.0,0.095,3715,66.18912297349165,1117,0,0.0,0
1156,1.0,0.0019,-14.0,0.095,3715,66.18912297349165,1117,0,0.0,0
1157,1.0,0.0019,-14.0,0.095,3739,66.18912297349165,1131,24,0.0,14
1158,1.0,0.0019,-14.0,0.095,3739,66.18912297349165,1131,0,0.0,0
1159,1.0,0.0019,-14.0,0.095,3739,66.18912297349165,1131,0,0.0,0
1160,1.0,0.0019,-14.0,0.095,3739,66.18912297349165,1131,0,0.0,0
1161,1.0,0.0019,-14.0,0.095,3739,66.18912297349165,1131,0,0.0,0
1162,1.0,0.0019,-14.0,0.095,3751,66.18912297349165,1143,12,0.0,12
1163,1.0,0.0019,-14.0,0.095,3751,66.18912297349165,1143,0,0.0,0
1164,1.0,0.0019,-14.0,0.095,3751,66.18912297349165,1143,0,0.0,0
1165,1.0,0.0019,-14.0,0.095,3751,66.18912297349165,1143,0,0.0,0
1166,1.0,0.0019,-14.0,0.095,3763,66.18912297349165,1153,12,0.0,10
1167,1.0,0.0019,-14.0,0.095,3781,67.08203932499369,1135,18,0.8929163515020377,-18
1168,1.0,0.0019,-14.0,0.095,3793,67.08203932499369,1141,12,0.0,6
1169,1.0,0.0019,-14.0,0.095,3793,67.08203932499369,1141,0,0.0,0
1170,1.0,0.0019,-14.0,0.095,3793,67.08203932499369,1141,0,0.0,0
1171,1.0,0.0019,-14.0,0.095,3805,67.08203932499369,1153,12,0.0,12
1172,1.0,0.0019,-14.0,0.095,3805,67.08203932499369,1153,0,0.0,0
1173,1.0,0.0019,-14.0,0.095,3817,67.08203932499369,1153,12,0.0,0
1174,1.0,0.0019,-14.0,0.095,3817,67.08203932499369,1153,0,0.0,0
1175,1.0,0.0019,-14.0,0.095,3817,67.08203932499369,1153,0,0.0,0
1176,1.0,0.0019,-14.0,0.095,3817,67.08203932499369,1153,0,0.0,0
1177,1.0,0.0019,-14.0,0.095,3817,67.08203932499369,1153,0,0.0,0
1178,1.0,0.0019,-14.0,0.095,3817,67.08203932499369,1153,0,0.0,0
1179,1.0,0.0019,-14.0,0.095,3817,67.08203932499369,1153,0,0.0,0
1180,1.0,0.0019,-14.0,0.095,3829,67.08203932499369,1165,12,0.0,12
1181,1.0,0.0019,-14.0,0.095,3829,67.08203932499369,1165,0,0.0,0
1182,1.0,0.0019,-14.0,0.095,3841,67.08203932499369,1177,12,0.0,12
1183,1.0,0.0019,-14.0,0.095,3841,67.08203932499369,1177,0,0.0,0
1184,1.0,0.0019,-14.0,0.095,3841,67.08203932499369,1177,0,0.0,0
1185,1.0,0.0019,-14.0,0.095,3841,67.08203932499369,1177,0,0.0,0
1186,1.0,0.0019,-14.0,0.095,3841,67.08203932499369,1177,0,0.0,0
1187,1.0,0.0019,-14.0,0.095,3847,68.42514157822401,1183,6,1.3431022532303274,6
1188,1.0,0.0019,-14.0,0.095,3871,68.42514157822401,1189,24,0.0,6
1189,1.0,0.0019,-14.0,0.095,3871,68.42514157822401,1189,0,0.0,0
1190,1.0,0.0019,-14.0,0.095,3871,68.42514157822401,1189,0,0.0,0
1191,1.0,0.0019,-14.0,0.095,3871,68.42514157822401,1189,0,0.0,0
1192,1.0,0.0019,-14.0,0.095,3871,68.42514157822401,1189,0,0.0,0
1193,1.0,0.0019,-14.0,0.095,3871,68.42514157822401,1189,0,0.0,0
1194,1.0,0.0019,-14.0,0.095,3871,68.42514157822401,1189,0,0.0,0
1195,1.0,0.0019,-14.0,0.095,3871,68.42514157822401,1189,0,0.0,0
1196,1.0,0.0019,-14.0,0.095,3871,68.42514157822401,1189,0,0.0,0
1197,1.0,0.0019,-14.0,0.095,3871,68.42514157822401,1189,0,0.0,0
1198,1.0,0.0019,-14.0,0.095,3871,68.42514157822401,1189,0,0.0,0
1199,1.0,0.0019,-14.0,0.095,3871,68.42514157822401,1189,0,0.0,0
1200,1.0,0.0019,-14.0,0.095,3871,68.42514157822401,1189,0,0.0,0
1201,1.0,0.0019,-14.0,0.095,3871,68.42514157822401,1189,0,0.0,0
1202,1.0,0.0019,-14.0,0.095,3871,68.42514157822401,1189,0,0.0,0
1203,1.0,0.0019,-14.0,0.095,3895,68.42514157822401,1167,24,0.0,-22
1204,1.0,0.0019,-14.0,0.095,3931,68.42514157822401,1161,36,0.0,-6
1205,1.0,0.0019,-14.0,0.095,3955,68.42514157822401,1183,24,0.0,22
1206,1.0,0.0019,-14.0,0.095,3967,68.42514157822401,1183,12,0.0,0
1207,1.0,0.0019,-14.0,0.095,3997,69.31810730249349,1207,30,0.8929657242694731,24
1208,1.0,0.0019,-14.0,0.095,3997,69.31810730249349,1207,0,0.0,0
1209,1.0,0.0019,-14.0,0.095,3997,69.31810730249349,1207,0,0.0,0
1210,1.0,0.0019,-14.0,0.095,3997,69.31810730249349,1207,0,0.0,0
1211,1.0,0.0019,-14.0,0.095,4009,69.31810730249349,1207,12,0.0,0
1212,1.0,0.0019,-14.0,0.095,4009,69.31810730249349,1207,0,0.0,0
1213,1.0,0.0019,-14.0,0.095,4021,69.31810730249349,1219,12,0.0,12
1214,1.0,0.0019,-14.0,0.095,4033,69.31810730249349,1219,12,0.0,0
1215,1.0,0.0019,-14.0,0.095,4033,69.31810730249349,1219,0,0.0,0
1216,1.0,0.0019,-14.0,0.095,4033,69.31810730249349,1219,0,0.0,0
1217,1.0,0.0019,-14.0,0.095,4033,69.31810730249349,1219,0,0.0,0
1218,1.0,0.0019,-14.0,0.095,4033,69.31810730249349,1219,0,0.0,0
1219,1.0,0.0019,-14.0,0.095,4033,69.31810730249349,1219,0,0.0,0
1220,1.0,0.0019,-14.0,0.095,4033,69.31810730249349,1219,0,0.0,0
1221,1.0,0.0019,-14.0,0.095,4045,69.31810730249349,1231,12,0.0,12
1222,1.0,0.0019,-14.0,0.095,4069,69.31810730249349,1245,24,0.0,14
1223,1.0,0.0019,-14.0,0.095,4081,69.31810730249349,1245,12,0.0,0
1224,1.0,0.0019,-14.0,0.095,4129,69.31810730249349,1271,48,0.0,26
1225,1.0,0.0019,-14.0,0.095,4141,69.31810730249349,1249,12,0.0,-22
1226,1.0,0.0019,-14.0,0.095,4141,69.31810730249349,1249,0,0.0,0
1227,1.0,0.0019,-14.0,0.095,4159,70.66116330771806,1267,18,1.3430560052245681,18
1228,1.0,0.0019,-14.0,0.095,4171,70.66116330771806,1273,12,0.0,6
1229,1.0,0.0019,-14.0,0.095,4183,70.66116330771806,1285,12,0.0,12
1230,1.0,0.0019,-14.0,0.095,4183,70.66116330771806,1285,0,0.0,0
1231,1.0,0.0019,-14.0,0.095,4183,70.66116330771806,1285,0,0.0,0
1232,1.0,0.0019,-14.0,0.095,4195,70.66116330771806,1287,12,0.0,2
1233,1.0,0.0019,-14.0,0.095,4231,70.66116330771806,1273,36,0.0,-14
1234,1.0,0.0019,-14.0,0.095,4243,70.66116330771806,1273,12,0.0,0
1235,1.0,0.0019,-14.0,0.095,4255,70.66116330771806,1273,12,0.0,0
1236,1.0,0.0019,-14.0,0.095,4255,70.66116330771806,1273,0,0.0,0
1237,1.0,0.0019,-14.0,0.095,4255,70.66116330771806,1273,0,0.0,0
1238,1.0,0.0019,-14.0,0.095,4255,70.66116330771806,1273,0,0.0,0
1239,1.0,0.0019,-14.0,0.095,4255,70.66116330771806,1273,0,0.0,0
1240,1.0,0.0019,-14.0,0.095,4279,70.66116330771806,1285,24,0.0,12
1241,1.0,0.0019,-14.0,0.095,4291,70.66116330771806,1297,12,0.0,12
1242,1.0,0.0019,-14.0,0.095,4291,70.66116330771806,1297,0,0.0,0
1243,1.0,0.0019,-14.0,0.095,4291,70.66116330771806,1297,0,0.0,0
1244,1.0,0.0019,-14.0,0.095,4291,70.66116330771806,1297,0,0.0,0
1245,1.0,0.0019,-14.0,0.095,4291,70.66116330771806,1297,0,0.0,0
1246,1.0,0.0019,-14.0,0.095,4303,70.66116330771806,1297,12,0.0,0
1247,1.0,0.0019,-14.0,0.095,4309,71.55417527999327,1303,6,0.8930119722752181,6
1248,1.0,0.0019,-14.0,0.095,4333,71.55417527999327,1309,24,0.0,6
1249,1.0,0.0019,-14.0,0.095,4333,71.55417527999327,1309,0,0.0,0
1250,1.0,0.0019,-14.0,0.095,4333,71.55417527999327,1309,0,0.0,0
1251,1.0,0.0019,-14.0,0.095,4345,71.55417527999327,1301,12,0.0,-8
1252,1.0,0.0019,-14.0,0.095,4345,71.55417527999327,1301,0,0.0,0
1253,1.0,0.0019,-14.0,0.095,4345,71.55417527999327,1301,0,0.0,0
1254,1.0,0.0019,-14.0,0.095,4345,71.55417527999327,1301,0,0.0,0
1255,1.0,0.0019,-14.0,0.095,4345,71.55417527999327,1301,0,0.0,0
1256,1.0,0.0019,-14.0,0.095,4345,71.55417527999327,1301,0,0.0,0
1257,1.0,0.0019,-14.0,0.095,4345,71.55417527999327,1301,0,0.0,0
1258,1.0,0.0019,-14.0,0.095,4345,71.55417527999327,1301,0,0.0,0
1259,1.0,0.0019,-14.0,0.095,4345,71.55417527999327,1301,0,0.0,0
1260,1.0,0.0019,-14.0,0.095,4345,71.55417527999327,1301,0,0.0,0
1261,1.0,0.0019,-14.0,0.095,4345,71.55417527999327,1301,0,0.0,0
1262,1.0,0.0019,-14.0,0.095,4345,71.55417527999327,1301,0,0.0,0
1263,1.0,0.0019,-14.0,0.095,4357,71.55417527999327,1299,12,0.0,-2
1264,1.0,0.0019,-14.0,0.095,4393,71.55417527999327,1293,36,0.0,-6
1265,1.0,0.0019,-14.0,0.095,4417,71.55417527999327,1315,24,0.0,22
1266,1.0,0.0019,-14.0,0.095,4429,71.55417527999327,1315,12,0.0,0
1267,1.0,0.0019,-14.0,0.095,4471,72.89718787443039,1341,42,1.3430125944371127,26
1268,1.0,0.0019,-14.0,0.095,4483,72.89718787443039,1327,12,0.0,-14
1269,1.0,0.0019,-14.0,0.095,4483,72.89718787443039,1327,0,0.0,0
1270,1.0,0.0019,-14.0,0.095,4483,72.89718787443039,1327,0,0.0,0
1271,1.0,0.0019,-14.0,0.095,4483,72.89718787443039,1327,0,0.0,0
1272,1.0,0.0019,-14.0,0.095,4495,72.89718787443039,1339,12,0.0,12
1273,1.0,0.0019,-14.0,0.095,4495,72.89718787443039,1339,0,0.0,0
1274,1.0,0.0019,-14.0,0.095,4495,72.89718787443039,1339,0,0.0,0
1275,1.0,0.0019,-14.0,0.095,4507,72.89718787443039,1339,12,0.0,0
1276,1.0,0.0019,-14.0,0.095,4519,72.89718787443039,1351,12,0.0,12
1277,1.0,0.0019,-14.0,0.095,4531,72.89718787443039,1361,12,0.0,10
1278,1.0,0.0019,-14.0,0.095,4543,72.89718787443039,1361,12,0.0,0
1279,1.0,0.0019,-14.0,0.095,4543,72.89718787443039,1361,0,0.0,0
1280,1.0,0.0019,-14.0,0.095,4555,72.89718787443039,1373,12,0.0,12
1281,1.0,0.0019,-14.0,0.095,4555,72.89718787443039,1373,0,0.0,0
1282,1.0,0.0019,-14.0,0.095,4555,72.89718787443039,1373,0,0.0,0
1283,1.0,0.0019,-14.0,0.095,4567,72.89718787443039,1385,12,0.0,12
1284,1.0,0.0019,-14.0,0.095,4579,72.89718787443039,1395,12,0.0,10
1285,1.0,0.0019,-14.0,0.095,4579,72.89718787443039,1395,0,0.0,0
1286,1.0,0.0019,-14.0,0.095,4579,72.89718787443039,1395,0,0.0,0
1287,1.0,0.0019,-14.0,0.095,4585,73.79024325749306,1401,6,0.8930553830626735,6
1288,1.0,0.0019,-14.0,0.095,4597,73.79024325749306,1407,12,0.0,6
1289,1.0,0.0019,-14.0,0.095,4597,73.79024325749306,1407,0,0.0,0
1290,1.0,0.0019,-14.0,0.095,4597,73.79024325749306,1407,0,0.0,0
1291,1.0,0.0019,-14.0,0.095,4597,73.79024325749306,1407,0,0.0,0
1292,1.0,0.0019,-14.0,0.095,4597,73.79024325749306,1407,0,0.0,0
1293,1.0,0.0019,-14.0,0.095,4609,73.79024325749306,1407,12,0.0,0
1294,1.0,0.0019,-14.0,0.095,4609,73.79024325749306,1407,0,0.0,0
1295,1.0,0.0019,-14.0,0.095,4609,73.79024325749306,1407,0,0.0,0
1296,1.0,0.0019,-14.0,0.095,4609,73.79024325749306,1407,0,0.0,0
1297,1.0,0.0019,-14.0,0.095,4609,73.79024325749306,1407,0,0.0,0
1298,1.0,0.0019,-14.0,0.095,4609,73.79024325749306,1407,0,0.0,0
1299,1.0,0.0019,-14.0,0.095,4609,73.79024325749306,1407,0,0.0,0
1300,1.0,0.0019,-14.0,0.095,4609,73.79024325749306,1407,0,0.0,0
1301,1.0,0.0019,-14.0,0.095,4621,73.79024325749306,1419,12,0.0,12
1302,1.0,0.0019,-14.0,0.095,4633,73.79024325749306,1395,12,0.0,-24
1303,1.0,0.0019,-14.0,0.095,4645,73.79024325749306,1395,12,0.0,0
1304,1.0,0.0019,-14.0,0.095,4645,73.79024325749306,1395,0,0.0,0
1305,1.0,0.0019,-14.0,0.095,4657,73.79024325749306,1371,12,0.0,-24
1306,1.0,0.0019,-14.0,0.095,4657,73.79024325749306,1371,0,0.0,0
1307,1.0,0.0019,-14.0,0.095,4663,75.13321502504735,1377,6,1.342971767554289,6
1308,1.0,0.0019,-14.0,0.095,4699,75.13321502504735,1385,36,0.0,8
1309,1.0,0.0019,-14.0,0.095,4699,75.13321502504735,1385,0,0.0,0
1310,1.0,0.0019,-14.0,0.095,4699,75.13321502504735,1385,0,0.0,0
1311,1.0,0.0019,-14.0,0.095,4699,75.13321502504735,1385,0,0.0,0
1312,1.0,0.0019,-14.0,0.095,4699,75.13321502504735,1385,0,0.0,0
1313,1.0,0.0019,-14.0,0.095,4699,75.13321502504735,1385,0,0.0,0
1314,1.0,0.0019,-14.0,0.095,4699,75.13321502504735,1385,0,0.0,0
1315,1.0,0.0019,-14.0,0.095,4699,75.13321502504735,1385,0,0.0,0
1316,1.0,0.0019,-14.0,0.095,4699,75.13321502504735,1385,0,0.0,0
1317,1.0,0.0019,-14.0,0.095,4699,75.13321502504735,1385,0,0.0,0
1318,1.0,0.0019,-14.0,0.095,4699,75.13321502504735,1385,0,0.0,0
1319,1.0,0.0019,-14.0,0.095,4699,75.13321502504735,1385,0,0.0,0
1320,1.0,0.0019,-14.0,0.095,4699,75.13321502504735,1385,0,0.0,0
1321,1.0,0.0019,-14.0,0.095,4699,75.13321502504735,1385,0,0.0,0
1322,1.0,0.0019,-14.0,0.095,4711,75.13321502504735,1383,12,0.0,-2
1323,1.0,0.0019,-14.0,0.095,4735,75.13321502504735,1405,24,0.0,22
1324,1.0,0.0019,-14.0,0.095,4771,75.13321502504735,1399,36,0.0,-6
1325,1.0,0.0019,-14.0,0.095,4807,75.13321502504735,1387,36,0.0,-12
1326,1.0,0.0019,-14.0,0.095,4831,75.13321502504735,1371,24,0.0,-16
1327,1.0,0.0019,-14.0,0.095,4873,76.02631123499285,1395,42,0.8930962099454973,24
1328,1.0,0.0019,-14.0,0.095,4873,76.02631123499285,1395,0,0.0,0
1329,1.0,0.0019,-14.0,0.095,4873,76.02631123499285,1395,0,0.0,0
1330,1.0,0.0019,-14.0,0.095,4873,76.02631123499285,1395,0,0.0,0
1331,1.0,0.0019,-14.0,0.095,4873,76.02631123499285,1395,0,0.0,0
1332,1.0,0.0019,-14.0,0.095,4909,76.02631123499285,1429,36,0.0,34
1333,1.0,0.0019,-14.0,0.095,4921,76.02631123499285,1441,12,0.0,12
1334,1.0,0.0019,-14.0,0.095,4921,76.02631123499285,1441,0,0.0,0
1335,1.0,0.0019,-14.0,0.095,4933,76.02631123499285,1445,12,0.0,4
1336,1.0,0.0019,-14.0,0.095,4969,76.02631123499285,1415,36,0.0,-30
1337,1.0,0.0019,-14.0,0.095,4969,76.02631123499285,1415,0,0.0,0
1338,1.0,0.0019,-14.0,0.095,4969,76.02631123499285,1415,0,0.0,0
1339,1.0,0.0019,-14.0,0.095,4981,76.02631123499285,1427,12,0.0,12
1340,1.0,0.0019,-14.0,0.095,4981,76.02631123499285,1427,0,0.0,0
1341,1.0,0.0019,-14.0,0.095,5005,76.02631123499285,1449,24,0.0,22
1342,1.0,0.0019,-14.0,0.095,5017,76.02631123499285,1451,12,0.0,2
1343,1.0,0.0019,-14.0,0.095,5017,76.02631123499285,1451,0,0.0,0
1344,1.0,0.0019,-14.0,0.095,5029,76.02631123499285,1461,12,0.0,10
1345,1.0,0.0019,-14.0,0.095,5041,76.02631123499285,1461,12,0.0,0
1346,1.0,0.0019,-14.0,0.095,5041,76.02631123499285,1461,0,0.0,0
1347,1.0,0.0019,-14.0,0.095,5047,77.3692445355388,1467,6,1.3429333005459512,6
1348,1.0,0.0019,-14.0,0.095,5059,77.3692445355388,1473,12,0.0,6
1349,1.0,0.0019,-14.0,0.095,5071,77.3692445355388,1473,12,0.0,0
1350,1.0,0.0019,-14.0,0.095,5071,77.3692445355388,1473,0,0.0,0
1351,1.0,0.0019,-14.0,0.095,5071,77.3692445355388,1473,0,0.0,0
1352,1.0,0.0019,-14.0,0.095,5071,77.3692445355388,1473,0,0.0,0
1353,1.0,0.0019,-14.0,0.095,5083,77.3692445355388,1473,12,0.0,0
1354,1.0,0.0019,-14.0,0.095,5083,77.3692445355388,1473,0,0.0,0
1355,1.0,0.0019,-14.0,0.095,5083,77.3692445355388,1473,0,0.0,0
1356,1.0,0.0019,-14.0,0.095,5083,77.3692445355388,1473,0,0.0,0
1357,1.0,0.0019,-14.0,0.095,5101,77.3692445355388,1453,18,0.0,-20
1358,1.0,0.0019,-14.0,0.095,5113,77.3692445355388,1465,12,0.0,12
1359,1.0,0.0019,-14.0,0.095,5113,77.3692445355388,1465,0,0.0,0
1360,1.0,0.0019,-14.0,0.095,5113,77.3692445355388,1465,0,0.0,0
1361,1.0,0.0019,-14.0,0.095,5113,77.3692445355388,1465,0,0.0,0
1362,1.0,0.0019,-14.0,0.095,5113,77.3692445355388,1465,0,0.0,0
1363,1.0,0.0019,-14.0,0.095,5113,77.3692445355388,1465,0,0.0,0
1364,1.0,0.0019,-14.0,0.095,5113,77.3692445355388,1465,0,0.0,0
1365,1.0,0.0019,-14.0,0.095,5125,77.3692445355388,1441,12,0.0,-24
1366,1.0,0.0019,-14.0,0.095,5137,77.3692445355388,1441,12,0.0,0
1367,1.0,0.0019,-14.0,0.095,5143,78.26237921249263,1447,6,0.8931346769538351,6
1368,1.0,0.0019,-14.0,0.095,5167,78.26237921249263,1453,24,0.0,6
1369,1.0,0.0019,-14.0,0.095,5167,78.26237921249263,1453,0,0.0,0
1370,1.0,0.0019,-14.0,0.095,5191,78.26237921249263,1465,24,0.0,12
1371,1.0,0.0019,-14.0,0.095,5203,78.26237921249263,1475,12,0.0,10
1372,1.0,0.0019,-14.0,0.095,5203,78.26237921249263,1475,0,0.0,0
1373,1.0,0.0019,-14.0,0.095,5203,78.26237921249263,1475,0,0.0,0
1374,1.0,0.0019,-14.0,0.095,5215,78.26237921249263,1451,12,0.0,-24
1375,1.0,0.0019,-14.0,0.095,5215,78.26237921249263,1451,0,0.0,0
1376,1.0,0.0019,-14.0,0.095,5215,78.26237921249263,1451,0,0.0,0
1377,1.0,0.0019,-14.0,0.095,5215,78.26237921249263,1451,0,0.0,0
1378,1.0,0.0019,-14.0,0.095,5215,78.26237921249263,1451,0,0.0,0
1379,1.0,0.0019,-14.0,0.095,5215,78.26237921249263,1451,0,0.0,0
1380,1.0,0.0019,-14.0,0.095,5215,78.26237921249263,1451,0,0.0,0
1381,1.0,0.0019,-14.0,0.095,5215,78.26237921249263,1451,0,0.0,0
1382,1.0,0.0019,-14.0,0.095,5227,78.26237921249263,1449,12,0.0,-2
1383,1.0,0.0019,-14.0,0.095,5227,78.26237921249263,1449,0,0.0,0
1384,1.0,0.0019,-14.0,0.095,5263,78.26237921249263,1443,36,0.0,-6
1385,1.0,0.0019,-14.0,0.095,5311,78.26237921249263,1479,48,0.0,36
1386,1.0,0.0019,-14.0,0.095,5323,78.26237921249263,1479,12,0.0,0
1387,1.0,0.0019,-14.0,0.095,5365,79.60527620704548,1503,42,1.342896994552845,24
1388,1.0,0.0019,-14.0,0.095,5377,79.60527620704548,1515,12,0.0,12
1389,1.0,0.0019,-14.0,0.095,5389,79.60527620704548,1527,12,0.0,12
1390,1.0,0.0019,-14.0,0.095,5389,79.60527620704548,1527,0,0.0,0
1391,1.0,0.0019,-14.0,0.095,5389,79.60527620704548,1527,0,0.0,0
1392,1.0,0.0019,-14.0,0.095,5401,79.60527620704548,1539,12,0.0,12
1393,1.0,0.0019,-14.0,0.095,5401,79.60527620704548,1539,0,0.0,0
1394,1.0,0.0019,-14.0,0.095,5401,79.60527620704548,1539,0,0.0,0
1395,1.0,0.0019,-14.0,0.095,5401,79.60527620704548,1539,0,0.0,0
1396,1.0,0.0019,-14.0,0.095,5401,79.60527620704548,1539,0,0.0,0
1397,1.0,0.0019,-14.0,0.095,5401,79.60527620704548,1539,0,0.0,0
1398,1.0,0.0019,-14.0,0.095,5401,79.60527620704548,1539,0,0.0,0
1399,1.0,0.0019,-14.0,0.095,5413,79.60527620704548,1551,12,0.0,12
1400,1.0,0.0019,-14.0,0.095,5413,79.60527620704548,1551,0,0.0,0
1401,1.0,0.0019,-14.0,0.095,5425,79.60527620704548,1563,12,0.0,12
1402,1.0,0.0019,-14.0,0.095,5425,79.60527620704548,1563,0,0.0,0
1403,1.0,0.0019,-14.0,0.095,5437,79.60527620704548,1573,12,0.0,10
1404,1.0,0.0019,-14.0,0.095,5437,79.60527620704548,1573,0,0.0,0
1405,1.0,0.0019,-14.0,0.095,5437,79.60527620704548,1573,0,0.0,0
1406,1.0,0.0019,-14.0,0.095,5437,79.60527620704548,1573,0,0.0,0
1407,1.0,0.0019,-14.0,0.095,5443,80.49844718999243,1579,6,0.8931709829469554,6
1408,1.0,0.0019,-14.0,0.095,5455,80.49844718999243,1585,12,0.0,6
1409,1.0,0.0019,-14.0,0.095,5455,80.49844718999243,1585,0,0.0,0
1410,1.0,0.0019,-14.0,0.095,5455,80.49844718999243,1585,0,0.0,0
1411,1.0,0.0019,-14.0,0.095,5455,80.49844718999243,1585,0,0.0,0
1412,1.0,0.0019,-14.0,0.095,5455,80.49844718999243,1585,0,0.0,0
1413,1.0,0.0019,-14.0,0.095,5467,80.49844718999243,1585,12,0.0,0
1414,1.0,0.0019,-14.0,0.095,5491,80.49844718999243,1595,24,0.0,10
1415,1.0,0.0019,-14.0,0.095,5491,80.49844718999243,1595,0,0.0,0
1416,1.0,0.0019,-14.0,0.095,5491,80.49844718999243,1595,0,0.0,0
1417,1.0,0.0019,-14.0,0.095,5515,80.49844718999243,1607,24,0.0,12
1418,1.0,0.0019,-14.0,0.095,5527,80.49844718999243,1593,12,0.0,-14
1419,1.0,0.0019,-14.0,0.095,5527,80.49844718999243,1593,0,0.0,0
1420,1.0,0.0019,-14.0,0.095,5539,80.49844718999243,1603,12,0.0,10
1421,1.0,0.0019,-14.0,0.095,5539,80.49844718999243,1603,0,0.0,0
1422,1.0,0.0019,-14.0,0.095,5539,80.49844718999243,1603,0,0.0,0
1423,1.0,0.0019,-14.0,0.095,5539,80.49844718999243,1603,0,0.0,0
1424,1.0,0.0019,-14.0,0.095,5539,80.49844718999243,1603,0,0.0,0
1425,1.0,0.0019,-14.0,0.095,5551,80.49844718999243,1579,12,0.0,-24
1426,1.0,0.0019,-14.0,0.095,5563,80.49844718999243,1581,12,0.0,2
1427,1.0,0.0019,-14.0,0.095,5581,81.8413098624405,1567,18,1.3428626724480637,-14
1428,1.0,0.0019,-14.0,0.095,5605,81.8413098624405,1573,24,0.0,6
1429,1.0,0.0019,-14.0,0.095,5605,81.8413098624405,1573,0,0.0,0
1430,1.0,0.0019,-14.0,0.095,5605,81.8413098624405,1573,0,0.0,0
1431,1.0,0.0019,-14.0,0.095,5605,81.8413098624405,1573,0,0.0,0
1432,1.0,0.0019,-14.0,0.095,5605,81.8413098624405,1573,0,0.0,0
1433,1.0,0.0019,-14.0,0.095,5605,81.8413098624405,1573,0,0.0,0
1434,1.0,0.0019,-14.0,0.095,5617,81.8413098624405,1549,12,0.0,-24
1435,1.0,0.0019,-14.0,0.095,5617,81.8413098624405,1549,0,0.0,0
1436,1.0,0.0019,-14.0,0.095,5617,81.8413098624405,1549,0,0.0,0
1437,1.0,0.0019,-14.0,0.095,5617,81.8413098624405,1549,0,0.0,0
1438,1.0,0.0019,-14.0,0.095,5629,81.8413098624405,1561,12,0.0,12
1439,1.0,0.0019,-14.0,0.095,5629,81.8413098624405,1561,0,0.0,0
1440,1.0,0.0019,-14.0,0.095,5629,81.8413098624405,1561,0,0.0,0
1441,1.0,0.0019,-14.0,0.095,5629,81.8413098624405,1561,0,0.0,0
1442,1.0,0.0019,-14.0,0.095,5653,81.8413098624405,1571,24,0.0,10
1443,1.0,0.0019,-14.0,0.095,5677,81.8413098624405,1547,24,0.0,-24
1444,1.0,0.0019,-14.0,0.095,5701,81.8413098624405,1541,24,0.0,-6
1445,1.0,0.0019,-14.0,0.095,5725,81.8413098624405,1563,24,0.0,22
1446,1.0,0.0019,-14.0,0.095,5737,81.8413098624405,1563,12,0.0,0
1447,1.0,0.0019,-14.0,0.095,5779,82.73451516749222,1599,42,0.8932053050517226,36
1448,1.0,0.0019,-14.0,0.095,5779,82.73451516749222,1599,0,0.0,0
1449,1.0,0.0019,-14.0,0.095,5791,82.73451516749222,1611,12,0.0,12
1450,1.0,0.0019,-14.0,0.095,5791,82.73451516749222,1611,0,0.0,0
1451,1.0,0.0019,-14.0,0.095,5791,82.73451516749222,1611,0,0.0,0
1452,1.0,0.0019,-14.0,0.095,5815,82.73451516749222,1623,24,0.0,12
1453,1.0,0.0019,-14.0,0.095,5827,82.73451516749222,1635,12,0.0,12
1454,1.0,0.0019,-14.0,0.095,5827,82.73451516749222,1635,0,0.0,0
1455,1.0,0.0019,-14.0,0.095,5839,82.73451516749222,1647,12,0.0,12
1456,1.0,0.0019,-14.0,0.095,5839,82.73451516749222,1647,0,0.0,0
1457,1.0,0.0019,-14.0,0.095,5839,82.73451516749222,1647,0,0.0,0
1458,1.0,0.0019,-14.0,0.095,5839,82.73451516749222,1647,0,0.0,0
1459,1.0,0.0019,-14.0,0.095,5851,82.73451516749222,1659,12,0.0,12
1460,1.0,0.0019,-14.0,0.095,5851,82.73451516749222,1659,0,0.0,0
1461,1.0,0.0019,-14.0,0.095,5863,82.73451516749222,1671,12,0.0,12
1462,1.0,0.0019,-14.0,0.095,5863,82.73451516749222,1671,0,0.0,0
1463,1.0,0.0019,-14.0,0.095,5875,82.73451516749222,1681,12,0.0,10
1464,1.0,0.0019,-14.0,0.095,5887,82.73451516749222,1693,12,0.0,12
1465,1.0,0.0019,-14.0,0.095,5887,82.73451516749222,1693,0,0.0,0
1466,1.0,0.0019,-14.0,0.095,5887,82.73451516749222,1693,0,0.0,0
1467,1.0,0.0019,-14.0,0.095,5893,84.07734534343957,1699,6,1.3428301759473555,6
1468,1.0,0.0019,-14.0,0.095,5917,84.07734534343957,1715,24,0.0,16
1469,1.0,0.0019,-14.0,0.095,5917,84.07734534343957,1715,0,0.0,0
1470,1.0,0.0019,-14.0,0.095,5941,84.07734534343957,1727,24,0.0,12
1471,1.0,0.0019,-14.0,0.095,5953,84.07734534343957,1727,12,0.0,0
1472,1.0,0.0019,-14.0,0.095,5953,84.07734534343957,1727,0,0.0,0
1473,1.0,0.0019,-14.0,0.095,5953,84.07734534343957,1727,0,0.0,0
1474,1.0,0.0019,-14.0,0.095,5977,84.07734534343957,1739,24,0.0,12
1475,1.0,0.0019,-14.0,0.095,5989,84.07734534343957,1743,12,0.0,4
1476,1.0,0.0019,-14.0,0.095,5989,84.07734534343957,1743,0,0.0,0
1477,1.0,0.0019,-14.0,0.095,5989,84.07734534343957,1743,0,0.0,0
1478,1.0,0.0019,-14.0,0.095,5989,84.07734534343957,1743,0,0.0,0
1479,1.0,0.0019,-14.0,0.095,6001,84.07734534343957,1755,12,0.0,12
1480,1.0,0.0019,-14.0,0.095,6001,84.07734534343957,1755,0,0.0,0
1481,1.0,0.0019,-14.0,0.095,6001,84.07734534343957,1755,0,0.0,0
1482,1.0,0.0019,-14.0,0.095,6001,84.07734534343957,1755,0,0.0,0
1483,1.0,0.0019,-14.0,0.095,6001,84.07734534343957,1755,0,0.0,0
1484,1.0,0.0019,-14.0,0.095,6001,84.07734534343957,1755,0,0.0,0
1485,1.0,0.0019,-14.0,0.095,6013,84.07734534343957,1731,12,0.0,-24
1486,1.0,0.0019,-14.0,0.095,6025,84.07734534343957,1731,12,0.0,0
1487,1.0,0.0019,-14.0,0.095,6043,84.970583144992,1737,18,0.8932378015524307,6
1488,1.0,0.0019,-14.0,0.095,6055,84.970583144992,1743,12,0.0,6
1489,1.0,0.0019,-14.0,0.095,6067,84.970583144992,1743,12,0.0,0
1490,1.0,0.0019,-14.0,0.095,6091,84.970583144992,1743,24,0.0,0
1491,1.0,0.0019,-14.0,0.095,6103,84.970583144992,1755,12,0.0,12
1492,1.0,0.0019,-14.0,0.095,6103,84.970583144992,1755,0,0.0,0
1493,1.0,0.0019,-14.0,0.095,6103,84.970583144992,1755,0,0.0,0
1494,1.0,0.0019,-14.0,0.095,6115,84.970583144992,1731,12,0.0,-24
1495,1.0,0.0019,-14.0,0.095,6115,84.970583144992,1731,0,0.0,0
1496,1.0,0.0019,-14.0,0.095,6115,84.970583144992,1731,0,0.0,0
1497,1.0,0.0019,-14.0,0.095,6115,84.970583144992,1731,0,0.0,0
1498,1.0,0.0019,-14.0,0.095,6127,84.970583144992,1743,12,0.0,12
1499,1.0,0.0019,-14.0,0.095,6127,84.970583144992,1743,0,0.0,0
1500,1.0,0.0019,-14.0,0.095,6127,84.970583144992,1743,0,0.0,0
1501,1.0,0.0019,-14.0,0.095,6139,84.970583144992,1755,12,0.0,12
1502,1.0,0.0019,-14.0,0.095,6163,84.970583144992,1729,24,0.0,-26
1503,1.0,0.0019,-14.0,0.095,6175,84.970583144992,1733,12,0.0,4
1504,1.0,0.0019,-14.0,0.095,6199,84.970583144992,1723,24,0.0,-10
1505,1.0,0.0019,-14.0,0.095,6247,84.970583144992,1757,48,0.0,34
1506,1.0,0.0019,-14.0,0.095,6247,84.970583144992,1757,0,0.0,0
1507,1.0,0.0019,-14.0,0.095,6277,86.31338250816034,1781,30,1.3427993631683393,24
1508,1.0,0.0019,-14.0,0.095,6277,86.31338250816034,1781,0,0.0,0
1509,1.0,0.0019,-14.0,0.095,6277,86.31338250816034,1781,0,0.0,0
1510,1.0,0.0019,-14.0,0.095,6277,86.31338250816034,1781,0,0.0,0
1511,1.0,0.0019,-14.0,0.095,6289,86.31338250816034,1757,12,0.0,-24
1512,1.0,0.0019,-14.0,0.095,6325,86.31338250816034,1793,36,0.0,36
1513,1.0,0.0019,-14.0,0.095,6325,86.31338250816034,1793,0,0.0,0
1514,1.0,0.0019,-14.0,0.095,6337,86.31338250816034,1803,12,0.0,10
1515,1.0,0.0019,-14.0,0.095,6337,86.31338250816034,1803,0,0.0,0
1516,1.0,0.0019,-14.0,0.095,6337,86.31338250816034,1803,0,0.0,0
1517,1.0,0.0019,-14.0,0.095,6337,86.31338250816034,1803,0,0.0,0
1518,1.0,0.0019,-14.0,0.095,6337,86.31338250816034,1803,0,0.0,0
1519,1.0,0.0019,-14.0,0.095,6349,86.31338250816034,1815,12,0.0,12
1520,1.0,0.0019,-14.0,0.095,6361,86.31338250816034,1817,12,0.0,2
1521,1.0,0.0019,-14.0,0.095,6373,86.31338250816034,1829,12,0.0,12
1522,1.0,0.0019,-14.0,0.095,6373,86.31338250816034,1829,0,0.0,0
1523,1.0,0.0019,-14.0,0.095,6385,86.31338250816034,1839,12,0.0,10
1524,1.0,0.0019,-14.0,0.095,6397,86.31338250816034,1851,12,0.0,12
1525,1.0,0.0019,-14.0,0.095,6397,86.31338250816034,1851,0,0.0,0
1526,1.0,0.0019,-14.0,0.095,6397,86.31338250816034,1851,0,0.0,0
1527,1.0,0.0019,-14.0,0.095,6403,87.20665112249179,1857,6,0.893268614331447,6
1528,1.0,0.0019,-14.0,0.095,6415,87.20665112249179,1863,12,0.0,6
1529,1.0,0.0019,-14.0,0.095,6427,87.20665112249179,1863,12,0.0,0
1530,1.0,0.0019,-14.0,0.095,6427,87.20665112249179,1863,0,0.0,0
1531,1.0,0.0019,-14.0,0.095,6427,87.20665112249179,1863,0,0.0,0
1532,1.0,0.0019,-14.0,0.095,6427,87.20665112249179,1863,0,0.0,0
1533,1.0,0.0019,-14.0,0.095,6451,87.20665112249179,1875,24,0.0,12
1534,1.0,0.0019,-14.0,0.095,6451,87.20665112249179,1875,0,0.0,0
1535,1.0,0.0019,-14.0,0.095,6463,87.20665112249179,1885,12,0.0,10
1536,1.0,0.0019,-14.0,0.095,6463,87.20665112249179,1885,0,0.0,0
1537,1.0,0.0019,-14.0,0.095,6463,87.20665112249179,1885,0,0.0,0
1538,1.0,0.0019,-14.0,0.095,6475,87.20665112249179,1895,12,0.0,10
1539,1.0,0.0019,-14.0,0.095,6475,87.20665112249179,1895,0,0.0,0
1540,1.0,0.0019,-14.0,0.095,6475,87.20665112249179,1895,0,0.0,0
1541,1.0,0.0019,-14.0,0.095,6475,87.20665112249179,1895,0,0.0,0
1542,1.0,0.0019,-14.0,0.095,6487,87.20665112249179,1899,12,0.0,4
1543,1.0,0.0019,-14.0,0.095,6499,87.20665112249179,1903,12,0.0,4
1544,1.0,0.0019,-14.0,0.095,6511,87.20665112249179,1879,12,0.0,-24
1545,1.0,0.0019,-14.0,0.095,6511,87.20665112249179,1879,0,0.0,0
1546,1.0,0.0019,-14.0,0.095,6511,87.20665112249179,1879,0,0.0,0
1547,1.0,0.0019,-14.0,0.095,6517,88.54942122905152,1885,6,1.3427701065597262,6
1548,1.0,0.0019,-14.0,0.095,6553,88.54942122905152,1891,36,0.0,6
1549,1.0,0.0019,-14.0,0.095,6553,88.54942122905152,1891,0,0.0,0
1550,1.0,0.0019,-14.0,0.095,6565,88.54942122905152,1887,12,0.0,-4
1551,1.0,0.0019,-14.0,0.095,6577,88.54942122905152,1899,12,0.0,12
1552,1.0,0.0019,-14.0,0.095,6589,88.54942122905152,1863,12,0.0,-36
1553,1.0,0.0019,-14.0,0.095,6589,88.54942122905152,1863,0,0.0,0
1554,1.0,0.0019,-14.0,0.095,6601,88.54942122905152,1839,12,0.0,-24
1555,1.0,0.0019,-14.0,0.095,6601,88.54942122905152,1839,0,0.0,0
1556,1.0,0.0019,-14.0,0.095,6601,88.54942122905152,1839,0,0.0,0
1557,1.0,0.0019,-14.0,0.095,6613,88.54942122905152,1851,12,0.0,12
1558,1.0,0.0019,-14.0,0.095,6613,88.54942122905152,1851,0,0.0,0
1559,1.0,0.0019,-14.0,0.095,6625,88.54942122905152,1861,12,0.0,10
1560,1.0,0.0019,-14.0,0.095,6661,88.54942122905152,1883,36,0.0,22
1561,1.0,0.0019,-14.0,0.095,6685,88.54942122905152,1871,24,0.0,-12
1562,1.0,0.0019,-14.0,0.095,6709,88.54942122905152,1873,24,0.0,2
1563,1.0,0.0019,-14.0,0.095,6721,88.54942122905152,1863,12,0.0,-10
1564,1.0,0.0019,-14.0,0.095,6733,88.54942122905152,1863,12,0.0,0
1565,1.0,0.0019,-14.0,0.095,6745,88.54942122905152,1875,12,0.0,12
1566,1.0,0.0019,-14.0,0.095,6757,88.54942122905152,1887,12,0.0,12
1567,1.0,0.0019,-14.0,0.095,6787,89.44271909999159,1911,30,0.8932978709400743,24
1568,1.0,0.0019,-14.0,0.095,6799,89.44271909999159,1911,12,0.0,0
1569,1.0,0.0019,-14.0,0.095,6799,89.44271909999159,1911,0,0.0,0
1570,1.0,0.0019,-14.0,0.095,6799,89.44271909999159,1911,0,0.0,0
1571,1.0,0.0019,-14.0,0.095,6811,89.44271909999159,1923,12,0.0,12
1572,1.0,0.0019,-14.0,0.095,6859,89.44271909999159,1961,48,0.0,38
1573,1.0,0.0019,-14.0,0.095,6871,89.44271909999159,1937,12,0.0,-24
1574,1.0,0.0019,-14.0,0.095,6871,89.44271909999159,1937,0,0.0,0
1575,1.0,0.0019,-14.0,0.095,6871,89.44271909999159,1937,0,0.0,0
1576,1.0,0.0019,-14.0,0.095,6871,89.44271909999159,1937,0,0.0,0
1577,1.0,0.0019,-14.0,0.095,6871,89.44271909999159,1937,0,0.0,0
1578,1.0,0.0019,-14.0,0.095,6871,89.44271909999159,1937,0,0.0,0
1579,1.0,0.0019,-14.0,0.095,6883,89.44271909999159,1949,12,0.0,12
1580,1.0,0.0019,-14.0,0.095,6895,89.44271909999159,1961,12,0.0,12
1581,1.0,0.0019,-14.0,0.095,6895,89.44271909999159,1961,0,0.0,0
1582,1.0,0.0019,-14.0,0.095,6895,89.44271909999159,1961,0,0.0,0
1583,1.0,0.0019,-14.0,0.095,6907,89.44271909999159,1971,12,0.0,10
1584,1.0,0.0019,-14.0,0.095,6907,89.44271909999159,1971,0,0.0,0
1585,1.0,0.0019,-14.0,0.095,6919,89.44271909999159,1947,12,0.0,-24
1586,1.0,0.0019,-14.0,0.095,6919,89.44271909999159,1947,0,0.0,0
1587,1.0,0.0019,-14.0,0.095,6925,90.78546139112804,1953,6,1.342742291136446,6
1588,1.0,0.0019,-14.0,0.095,6937,90.78546139112804,1959,12,0.0,6
1589,1.0,0.0019,-14.0,0.095,6961,90.78546139112804,1967,24,0.0,8
1590,1.0,0.0019,-14.0,0.095,6973,90.78546139112804,1979,12,0.0,12
1591,1.0,0.0019,-14.0,0.095,6973,90.78546139112804,1979,0,0.0,0
1592,1.0,0.0019,-14.0,0.095,6973,90.78546139112804,1979,0,0.0,0
1593,1.0,0.0019,-14.0,0.095,7009,90.78546139112804,1995,36,0.0,16
1594,1.0,0.0019,-14.0,0.095,7009,90.78546139112804,1995,0,0.0,0
1595,1.0,0.0019,-14.0,0.095,7009,90.78546139112804,1995,0,0.0,0
1596,1.0,0.0019,-14.0,0.095,7009,90.78546139112804,1995,0,0.0,0
1597,1.0,0.0019,-14.0,0.095,7009,90.78546139112804,1995,0,0.0,0
1598,1.0,0.0019,-14.0,0.095,7009,90.78546139112804,1995,0,0.0,0
1599,1.0,0.0019,-14.0,0.095,7009,90.78546139112804,1995,0,0.0,0
1600,1.0,0.0019,-14.0,0.095,7009,90.78546139112804,1995,0,0.0,0
1601,1.0,0.0019,-14.0,0.095,7009,90.78546139112804,1995,0,0.0,0
1602,1.0,0.0019,-14.0,0.095,7009,90.78546139112804,1995,0,0.0,0
1603,1.0,0.0019,-14.0,0.095,7009,90.78546139112804,1995,0,0.0,0
1604,1.0,0.0019,-14.0,0.095,7021,90.78546139112804,1971,12,0.0,-24
1605,1.0,0.0019,-14.0,0.095,7021,90.78546139112804,1971,0,0.0,0
1606,1.0,0.0019,-14.0,0.095,7045,90.78546139112804,1983,24,0.0,12
1607,1.0,0.0019,-14.0,0.095,7063,91.67878707749138,1999,18,0.8933256863633403,16
1608,1.0,0.0019,-14.0,0.095,7087,91.67878707749138,2005,24,0.0,6
1609,1.0,0.0019,-14.0,0.095,7099,91.67878707749138,2017,12,0.0,12
1610,1.0,0.0019,-14.0,0.095,7099,91.67878707749138,2017,0,0.0,0
1611,1.0,0.0019,-14.0,0.095,7111,91.67878707749138,2017,12,0.0,0
1612,1.0,0.0019,-14.0,0.095,7123,91.67878707749138,2029,12,0.0,12
1613,1.0,0.0019,-14.0,0.095,7147,91.67878707749138,2005,24,0.0,-24
1614,1.0,0.0019,-14.0,0.095,7147,91.67878707749138,2005,0,0.0,0
1615,1.0,0.0019,-14.0,0.095,7147,91.67878707749138,2005,0,0.0,0
1616,1.0,0.0019,-14.0,0.095,7147,91.67878707749138,2005,0,0.0,0
1617,1.0,0.0019,-14.0,0.095,7159,91.67878707749138,2017,12,0.0,12
1618,1.0,0.0019,-14.0,0.095,7171,91.67878707749138,2029,12,0.0,12
1619,1.0,0.0019,-14.0,0.095,7183,91.67878707749138,2041,12,0.0,12
1620,1.0,0.0019,-14.0,0.095,7183,91.67878707749138,2041,0,0.0,0
1621,1.0,0.0019,-14.0,0.095,7195,91.67878707749138,2053,12,0.0,12
1622,1.0,0.0019,-14.0,0.095,7219,91.67878707749138,2027,24,0.0,-26
1623,1.0,0.0019,-14.0,0.095,7219,91.67878707749138,2027,0,0.0,0
1624,1.0,0.0019,-14.0,0.095,7243,91.67878707749138,2031,24,0.0,4
1625,1.0,0.0019,-14.0,0.095,7255,91.67878707749138,2043,12,0.0,12
1626,1.0,0.0019,-14.0,0.095,7297,91.67878707749138,2033,42,0.0,-10
1627,1.0,0.0019,-14.0,0.095,7327,93.02150289046077,2045,30,1.342715812969388,12
1628,1.0,0.0019,-14.0,0.095,7339,93.02150289046077,2031,12,0.0,-14
1629,1.0,0.0019,-14.0,0.095,7363,93.02150289046077,2045,24,0.0,14
1630,1.0,0.0019,-14.0,0.095,7363,93.02150289046077,2045,0,0.0,0
1631,1.0,0.0019,-14.0,0.095,7387,93.02150289046077,2067,24,0.0,22
1632,1.0,0.0019,-14.0,0.095,7411,93.02150289046077,2091,24,0.0,24
1633,1.0,0.0019,-14.0,0.095,7423,93.02150289046077,2067,12,0.0,-24
1634,1.0,0.0019,-14.0,0.095,7447,93.02150289046077,2039,24,0.0,-28
1635,1.0,0.0019,-14.0,0.095,7459,93.02150289046077,2031,12,0.0,-8
1636,1.0,0.0019,-14.0,0.095,7459,93.02150289046077,2031,0,0.0,0
1637,1.0,0.0019,-14.0,0.095,7459,93.02150289046077,2031,0,0.0,0
1638,1.0,0.0019,-14.0,0.095,7471,93.02150289046077,2043,12,0.0,12
1639,1.0,0.0019,-14.0,0.095,7471,93.02150289046077,2043,0,0.0,0
1640,1.0,0.0019,-14.0,0.095,7471,93.02150289046077,2043,0,0.0,0
1641,1.0,0.0019,-14.0,0.095,7483,93.02150289046077,2055,12,0.0,12
1642,1.0,0.0019,-14.0,0.095,7483,93.02150289046077,2055,0,0.0,0
1643,1.0,0.0019,-14.0,0.095,7495,93.02150289046077,2065,12,0.0,10
1644,1.0,0.0019,-14.0,0.095,7495,93.02150289046077,2065,0,0.0,0
1645,1.0,0.0019,-14.0,0.095,7507,93.02150289046077,2049,12,0.0,-16
1646,1.0,0.0019,-14.0,0.095,7507,93.02150289046077,2049,0,0.0,0
1647,1.0,0.0019,-14.0,0.095,7513,93.91485505499116,2055,6,0.8933521645303983,6
1648,1.0,0.0019,-14.0,0.095,7537,93.91485505499116,2037,24,0.0,-18
1649,1.0,0.0019,-14.0,0.095,7537,93.91485505499116,2037,0,0.0,0
1650,1.0,0.0019,-14.0,0.095,7537,93.91485505499116,2037,0,0.0,0
1651,1.0,0.0019,-14.0,0.095,7537,93.91485505499116,2037,0,0.0,0
1652,1.0,0.0019,-14.0,0.095,7561,93.91485505499116,2039,24,0.0,2
1653,1.0,0.0019,-14.0,0.095,7573,93.91485505499116,2039,12,0.0,0
1654,1.0,0.0019,-14.0,0.095,7585,93.91485505499116,2043,12,0.0,4
1655,1.0,0.0019,-14.0,0.095,7597,93.91485505499116,2053,12,0.0,10
1656,1.0,0.0019,-14.0,0.095,7597,93.91485505499116,2053,0,0.0,0
1657,1.0,0.0019,-14.0,0.095,7609,93.91485505499116,2065,12,0.0,12
1658,1.0,0.0019,-14.0,0.095,7609,93.91485505499116,2065,0,0.0,0
1659,1.0,0.0019,-14.0,0.095,7609,93.91485505499116,2065,0,0.0,0
1660,1.0,0.0019,-14.0,0.095,7609,93.91485505499116,2065,0,0.0,0
1661,1.0,0.0019,-14.0,0.095,7621,93.91485505499116,2075,12,0.0,10
1662,1.0,0.0019,-14.0,0.095,7621,93.91485505499116,2075,0,0.0,0
1663,1.0,0.0019,-14.0,0.095,7621,93.91485505499116,2075,0,0.0,0
1664,1.0,0.0019,-14.0,0.095,7645,93.91485505499116,2063,24,0.0,-12
1665,1.0,0.0019,-14.0,0.095,7657,93.91485505499116,2075,12,0.0,12
1666,1.0,0.0019,-14.0,0.095,7657,93.91485505499116,2075,0,0.0,0
1667,1.0,0.0019,-14.0,0.095,7687,95.25754563287887,2057,30,1.3426905778877085,-18
1668,1.0,0.0019,-14.0,0.095,7711,95.25754563287887,2063,24,0.0,6
1669,1.0,0.0019,-14.0,0.095,7735,95.25754563287887,2075,24,0.0,12
1670,1.0,0.0019,-14.0,0.095,7747,95.25754563287887,2075,12,0.0,0
1671,1.0,0.0019,-14.0,0.095,7747,95.25754563287887,2075,0,0.0,0
1672,1.0,0.0019,-14.0,0.095,7747,95.25754563287887,2075,0,0.0,0
1673,1.0,0.0019,-14.0,0.095,7759,95.25754563287887,2051,12,0.0,-24
1674,1.0,0.0019,-14.0,0.095,7783,95.25754563287887,2075,24,0.0,24
1675,1.0,0.0019,-14.0,0.095,7783,95.25754563287887,2075,0,0.0,0
1676,1.0,0.0019,-14.0,0.095,7795,95.25754563287887,2079,12,0.0,4
1677,1.0,0.0019,-14.0,0.095,7807,95.25754563287887,2079,12,0.0,0
1678,1.0,0.0019,-14.0,0.095,7807,95.25754563287887,2079,0,0.0,0
1679,1.0,0.0019,-14.0,0.095,7807,95.25754563287887,2079,0,0.0,0
1680,1.0,0.0019,-14.0,0.095,7819,95.25754563287887,2069,12,0.0,-10
1681,1.0,0.0019,-14.0,0.095,7831,95.25754563287887,2069,12,0.0,0
1682,1.0,0.0019,-14.0,0.095,7867,95.25754563287887,2055,36,0.0,-14
1683,1.0,0.0019,-14.0,0.095,7879,95.25754563287887,2055,12,0.0,0
1684,1.0,0.0019,-14.0,0.095,7915,95.25754563287887,2069,36,0.0,14
1685,1.0,0.0019,-14.0,0.095,7927,95.25754563287887,2081,12,0.0,12
1686,1.0,0.0019,-14.0,0.095,7939,95.25754563287887,2081,12,0.0,0
1687,1.0,0.0019,-14.0,0.095,7981,96.15092303249095,2105,42,0.8933773996120777,24
1688,1.0,0.0019,-14.0,0.095,7981,96.15092303249095,2105,0,0.0,0
1689,1.0,0.0019,-14.0,0.095,8005,96.15092303249095,2119,24,0.0,14
1690,1.0,0.0019,-14.0,0.095,8005,96.15092303249095,2119,0,0.0,0
1691,1.0,0.0019,-14.0,0.095,8029,96.15092303249095,2107,24,0.0,-12
1692,1.0,0.0019,-14.0,0.095,8029,96.15092303249095,2107,0,0.0,0
1693,1.0,0.0019,-14.0,0.095,8053,96.15092303249095,2131,24,0.0,24
1694,1.0,0.0019,-14.0,0.095,8053,96.15092303249095,2131,0,0.0,0
1695,1.0,0.0019,-14.0,0.095,8065,96.15092303249095,2131,12,0.0,0
1696,1.0,0.0019,-14.0,0.095,8065,96.15092303249095,2131,0,0.0,0
1697,1.0,0.0019,-14.0,0.095,8065,96.15092303249095,2131,0,0.0,0
1698,1.0,0.0019,-14.0,0.095,8101,96.15092303249095,2167,36,0.0,36
1699,1.0,0.0019,-14.0,0.095,8101,96.15092303249095,2167,0,0.0,0
1700,1.0,0.0019,-14.0,0.095,8113,96.15092303249095,2179,12,0.0,12
1701,1.0,0.0019,-14.0,0.095,8113,96.15092303249095,2179,0,0.0,0
1702,1.0,0.0019,-14.0,0.095,8113,96.15092303249095,2179,0,0.0,0
1703,1.0,0.0019,-14.0,0.095,8125,96.15092303249095,2189,12,0.0,10
1704,1.0,0.0019,-14.0,0.095,8125,96.15092303249095,2189,0,0.0,0
1705,1.0,0.0019,-14.0,0.095,8125,96.15092303249095,2189,0,0.0,0
1706,1.0,0.0019,-14.0,0.095,8149,96.15092303249095,2189,24,0.0,0
1707,1.0,0.0019,-14.0,0.095,8167,97.49358953285082,2171,18,1.3426665003598686,-18
1708,1.0,0.0019,-14.0,0.095,8191,97.49358953285082,2187,24,0.0,16
1709,1.0,0.0019,-14.0,0.095,8191,97.49358953285082,2187,0,0.0,0
1710,1.0,0.0019,-14.0,0.095,8191,97.49358953285082,2187,0,0.0,0
1711,1.0,0.0019,-14.0,0.095,8203,97.49358953285082,2183,12,0.0,-4
1712,1.0,0.0019,-14.0,0.095,8203,97.49358953285082,2183,0,0.0,0
1713,1.0,0.0019,-14.0,0.095,8227,97.49358953285082,2195,24,0.0,12
1714,1.0,0.0019,-14.0,0.095,8239,97.49358953285082,2195,12,0.0,0
1715,1.0,0.0019,-14.0,0.095,8263,97.49358953285082,2195,24,0.0,0
1716,1.0,0.0019,-14.0,0.095,8263,97.49358953285082,2195,0,0.0,0
1717,1.0,0.0019,-14.0,0.095,8263,97.49358953285082,2195,0,0.0,0
1718,1.0,0.0019,-14.0,0.095,8275,97.49358953285082,2207,12,0.0,12
1719,1.0,0.0019,-14.0,0.095,8275,97.49358953285082,2207,0,0.0,0
1720,1.0,0.0019,-14.0,0.095,8275,97.49358953285082,2207,0,0.0,0
1721,1.0,0.0019,-14.0,0.095,8275,97.49358953285082,2207,0,0.0,0
1722,1.0,0.0019,-14.0,0.095,8287,97.49358953285082,2219,12,0.0,12
1723,1.0,0.0019,-14.0,0.095,8299,97.49358953285082,2231,12,0.0,12
1724,1.0,0.0019,-14.0,0.095,8311,97.49358953285082,2207,12,0.0,-24
1725,1.0,0.0019,-14.0,0.095,8311,97.49358953285082,2207,0,0.0,0
1726,1.0,0.0019,-14.0,0.095,8311,97.49358953285082,2207,0,0.0,0
1727,1.0,0.0019,-14.0,0.095,8341,98.38699100999075,2225,30,0.8934014771399319,18
1728,1.0,0.0019,-14.0,0.095,8353,98.38699100999075,2231,12,0.0,6
1729,1.0,0.0019,-14.0,0.095,8353,98.38699100999075,2231,0,0.0,0
1730,1.0,0.0019,-14.0,0.095,8365,98.38699100999075,2207,12,0.0,-24
1731,1.0,0.0019,-14.0,0.095,8377,98.38699100999075,2219,12,0.0,12
1732,1.0,0.0019,-14.0,0.095,8377,98.38699100999075,2219,0,0.0,0
1733,1.0,0.0019,-14.0,0.095,8389,98.38699100999075,2195,12,0.0,-24
1734,1.0,0.0019,-14.0,0.095,8389,98.38699100999075,2195,0,0.0,0
1735,1.0,0.0019,-14.0,0.095,8413,98.38699100999075,2199,24,0.0,4
1736,1.0,0.0019,-14.0,0.095,8413,98.38699100999075,2199,0,0.0,0
1737,1.0,0.0019,-14.0,0.095,8425,98.38699100999075,2211,12,0.0,12
1738,1.0,0.0019,-14.0,0.095,8449,98.38699100999075,2189,24,0.0,-22
1739,1.0,0.0019,-14.0,0.095,8461,98.38699100999075,2181,12,0.0,-8
1740,1.0,0.0019,-14.0,0.095,8461,98.38699100999075,2181,0,0.0,0
1741,1.0,0.0019,-14.0,0.095,8461,98.38699100999075,2181,0,0.0,0
1742,1.0,0.0019,-14.0,0.095,8485,98.38699100999075,2169,24,0.0,-12
1743,1.0,0.0019,-14.0,0.095,8497,98.38699100999075,2173,12,0.0,4
1744,1.0,0.0019,-14.0,0.095,8521,98.38699100999075,2163,24,0.0,-10
1745,1.0,0.0019,-14.0,0.095,8557,98.38699100999075,2185,36,0.0,22
1746,1.0,0.0019,-14.0,0.095,8557,98.38699100999075,2185,0,0.0,0
1747,1.0,0.0019,-14.0,0.095,8611,99.72963451251589,2221,54,1.342643502525135,36
1748,1.0,0.0019,-14.0,0.095,8611,99.72963451251589,2221,0,0.0,0
1749,1.0,0.0019,-14.0,0.095,8635,99.72963451251589,2245,24,0.0,24
1750,1.0,0.0019,-14.0,0.095,8659,99.72963451251589,2255,24,0.0,10
1751,1.0,0.0019,-14.0,0.095,8671,99.72963451251589,2231,12,0.0,-24
1752,1.0,0.0019,-14.0,0.095,8683,99.72963451251589,2243,12,0.0,12
1753,1.0,0.0019,-14.0,0.095,8683,99.72963451251589,2243,0,0.0,0
1754,1.0,0.0019,-14.0,0.095,8683,99.72963451251589,2243,0,0.0,0
1755,1.0,0.0019,-14.0,0.095,8683,99.72963451251589,2243,0,0.0,0
1756,1.0,0.0019,-14.0,0.095,8683,99.72963451251589,2243,0,0.0,0
1757,1.0,0.0019,-14.0,0.095,8683,99.72963451251589,2243,0,0.0,0
1758,1.0,0.0019,-14.0,0.095,8695,99.72963451251589,2255,12,0.0,12
1759,1.0,0.0019,-14.0,0.095,8695,99.72963451251589,2255,0,0.0,0
1760,1.0,0.0019,-14.0,0.095,8719,99.72963451251589,2255,24,0.0,0
1761,1.0,0.0019,-14.0,0.095,8743,99.72963451251589,2267,24,0.0,12
1762,1.0,0.0019,-14.0,0.095,8743,99.72963451251589,2267,0,0.0,0
1763,1.0,0.0019,-14.0,0.095,8755,99.72963451251589,2277,12,0.0,10
1764,1.0,0.0019,-14.0,0.095,8767,99.72963451251589,2253,12,0.0,-24
1765,1.0,0.0019,-14.0,0.095,8767,99.72963451251589,2253,0,0.0,0
1766,1.0,0.0019,-14.0,0.095,8779,99.72963451251589,2265,12,0.0,12
1767,1.0,0.0019,-14.0,0.095,8785,100.62305898749054,2271,6,0.8934244749746512,6
1768,1.0,0.0019,-14.0,0.095,8809,100.62305898749054,2255,24,0.0,-16
1769,1.0,0.0019,-14.0,0.095,8809,100.62305898749054,2255,0,0.0,0
1770,1.0,0.0019,-14.0,0.095,8809,100.62305898749054,2255,0,0.0,0
1771,1.0,0.0019,-14.0,0.095,8821,100.62305898749054,2267,12,0.0,12
1772,1.0,0.0019,-14.0,0.095,8821,100.62305898749054,2267,0,0.0,0
1773,1.0,0.0019,-14.0,0.095,8845,100.62305898749054,2279,24,0.0,12
1774,1.0,0.0019,-14.0,0.095,8845,100.62305898749054,2279,0,0.0,0
1775,1.0,0.0019,-14.0,0.095,8857,100.62305898749054,2291,12,0.0,12
1776,1.0,0.0019,-14.0,0.095,8869,100.62305898749054,2303,12,0.0,12
1777,1.0,0.0019,-14.0,0.095,8869,100.62305898749054,2303,0,0.0,0
1778,1.0,0.0019,-14.0,0.095,8869,100.62305898749054,2303,0,0.0,0
1779,1.0,0.0019,-14.0,0.095,8869,100.62305898749054,2303,0,0.0,0
1780,1.0,0.0019,-14.0,0.095,8869,100.62305898749054,2303,0,0.0,0
1781,1.0,0.0019,-14.0,0.095,8869,100.62305898749054,2303,0,0.0,0
1782,1.0,0.0019,-14.0,0.095,8869,100.62305898749054,2303,0,0.0,0
1783,1.0,0.0019,-14.0,0.095,8869,100.62305898749054,2303,0,0.0,0
1784,1.0,0.0019,-14.0,0.095,8917,100.62305898749054,2291,48,0.0,-12
1785,1.0,0.0019,-14.0,0.095,8917,100.62305898749054,2291,0,0.0,0
1786,1.0,0.0019,-14.0,0.095,8941,100.62305898749054,2279,24,0.0,-12
1787,1.0,0.0019,-14.0,0.095,8947,101.96568050084302,2285,6,1.3426215133524835,6
1788,1.0,0.0019,-14.0,0.095,8971,101.96568050084302,2291,24,0.0,6
1789,1.0,0.0019,-14.0,0.095,8983,101.96568050084302,2303,12,0.0,12
1790,1.0,0.0019,-14.0,0.095,9007,101.96568050084302,2313,24,0.0,10
1791,1.0,0.0019,-14.0,0.095,9007,101.96568050084302,2313,0,0.0,0
1792,1.0,0.0019,-14.0,0.095,9007,101.96568050084302,2313,0,0.0,0
1793,1.0,0.0019,-14.0,0.095,9019,101.96568050084302,2289,12,0.0,-24
1794,1.0,0.0019,-14.0,0.095,9019,101.96568050084302,2289,0,0.0,0
1795,1.0,0.0019,-14.0,0.095,9031,101.96568050084302,2289,12,0.0,0
1796,1.0,0.0019,-14.0,0.095,9043,101.96568050084302,2289,12,0.0,0
1797,1.0,0.0019,-14.0,0.095,9043,101.96568050084302,2289,0,0.0,0
1798,1.0,0.0019,-14.0,0.095,9043,101.96568050084302,2289,0,0.0,0
1799,1.0,0.0019,-14.0,0.095,9043,101.96568050084302,2289,0,0.0,0
1800,1.0,0.0019,-14.0,0.095,9067,101.96568050084302,2309,24,0.0,20
1801,1.0,0.0019,-14.0,0.095,9091,101.96568050084302,2321,24,0.0,12
1802,1.0,0.0019,-14.0,0.095,9139,101.96568050084302,2301,48,0.0,-20
1803,1.0,0.0019,-14.0,0.095,9139,101.96568050084302,2301,0,0.0,0
1804,1.0,0.0019,-14.0,0.095,9151,101.96568050084302,2301,12,0.0,0
1805,1.0,0.0019,-14.0,0.095,9187,101.96568050084302,2337,36,0.0,36
1806,1.0,0.0019,-14.0,0.095,9187,101.96568050084302,2337,0,0.0,0
1807,1.0,0.0019,-14.0,0.095,9205,102.85912696499032,2349,18,0.8934464641473028,12
1808,1.0,0.0019,-14.0,0.095,9229,102.85912696499032,2361,24,0.0,12
1809,1.0,0.0019,-14.0,0.095,9241,102.85912696499032,2373,12,0.0,12
1810,1.0,0.0019,-14.0,0.095,9241,102.85912696499032,2373,0,0.0,0
1811,1.0,0.0019,-14.0,0.095,9265,102.85912696499032,2361,24,0.0,-12
1812,1.0,0.0019,-14.0,0.095,9265,102.85912696499032,2361,0,0.0,0
1813,1.0,0.0019,-14.0,0.095,9277,102.85912696499032,2373,12,0.0,12
1814,1.0,0.0019,-14.0,0.095,9289,102.85912696499032,2385,12,0.0,12
1815,1.0,0.0019,-14.0,0.095,9301,102.85912696499032,2397,12,0.0,12
1816,1.0,0.0019,-14.0,0.095,9313,102.85912696499032,2409,12,0.0,12
1817,1.0,0.0019,-14.0,0.095,9325,102.85912696499032,2421,12,0.0,12
1818,1.0,0.0019,-14.0,0.095,9325,102.85912696499032,2421,0,0.0,0
1819,1.0,0.0019,-14.0,0.095,9337,102.85912696499032,2397,12,0.0,-24
1820,1.0,0.0019,-14.0,0.095,9337,102.85912696499032,2397,0,0.0,0
1821,1.0,0.0019,-14.0,0.095,9337,102.85912696499032,2397,0,0.0,0
1822,1.0,0.0019,-14.0,0.095,9337,102.85912696499032,2397,0,0.0,0
1823,1.0,0.0019,-14.0,0.095,9349,102.85912696499032,2409,12,0.0,12
1824,1.0,0.0019,-14.0,0.095,9361,102.85912696499032,2385,12,0.0,-24
1825,1.0,0.0019,-14.0,0.095,9373,102.85912696499032,2385,12,0.0,0
1826,1.0,0.0019,-14.0,0.095,9373,102.85912696499032,2385,0,0.0,0
1827,1.0,0.0019,-14.0,0.095,9391,104.20172743289815,2391,18,1.342600467907829,6
1828,1.0,0.0019,-14.0,0.095,9403,104.20172743289815,2397,12,0.0,6
1829,1.0,0.0019,-14.0,0.095,9403,104.20172743289815,2397,0,0.0,0
1830,1.0,0.0019,-14.0,0.095,9403,104.20172743289815,2397,0,0.0,0
1831,1.0,0.0019,-14.0,0.095,9403,104.20172743289815,2397,0,0.0,0
1832,1.0,0.0019,-14.0,0.095,9403,104.20172743289815,2397,0,0.0,0
1833,1.0,0.0019,-14.0,0.095,9427,104.20172743289815,2409,24,0.0,12
1834,1.0,0.0019,-14.0,0.095,9427,104.20172743289815,2409,0,0.0,0
1835,1.0,0.0019,-14.0,0.095,9427,104.20172743289815,2409,0,0.0,0
1836,1.0,0.0019,-14.0,0.095,9427,104.20172743289815,2409,0,0.0,0
1837,1.0,0.0019,-14.0,0.095,9427,104.20172743289815,2409,0,0.0,0
1838,1.0,0.0019,-14.0,0.095,9427,104.20172743289815,2409,0,0.0,0
1839,1.0,0.0019,-14.0,0.095,9427,104.20172743289815,2409,0,0.0,0
1840,1.0,0.0019,-14.0,0.095,9463,104.20172743289815,2397,36,0.0,-12
1841,1.0,0.0019,-14.0,0.095,9475,104.20172743289815,2409,12,0.0,12
1842,1.0,0.0019,-14.0,0.095,9487,104.20172743289815,2421,12,0.0,12
1843,1.0,0.0019,-14.0,0.095,9499,104.20172743289815,2433,12,0.0,12
1844,1.0,0.0019,-14.0,0.095,9523,104.20172743289815,2421,24,0.0,-12
1845,1.0,0.0019,-14.0,0.095,9523,104.20172743289815,2421,0,0.0,0
1846,1.0,0.0019,-14.0,0.095,9523,104.20172743289815,2421,0,0.0,0
1847,1.0,0.0019,-14.0,0.095,9529,105.09519494249011,2427,6,0.8934675095919573,6
1848,1.0,0.0019,-14.0,0.095,9565,105.09519494249011,2431,36,0.0,4
1849,1.0,0.0019,-14.0,0.095,9565,105.09519494249011,2431,0,0.0,0
1850,1.0,0.0019,-14.0,0.095,9577,105.09519494249011,2431,12,0.0,0
1851,1.0,0.0019,-14.0,0.095,9601,105.09519494249011,2443,24,0.0,12
1852,1.0,0.0019,-14.0,0.095,9601,105.09519494249011,2443,0,0.0,0
1853,1.0,0.0019,-14.0,0.095,9649,105.09519494249011,2431,48,0.0,-12
1854,1.0,0.0019,-14.0,0.095,9649,105.09519494249011,2431,0,0.0,0
1855,1.0,0.0019,-14.0,0.095,9649,105.09519494249011,2431,0,0.0,0
1856,1.0,0.0019,-14.0,0.095,9649,105.09519494249011,2431,0,0.0,0
1857,1.0,0.0019,-14.0,0.095,9661,105.09519494249011,2443,12,0.0,12
1858,1.0,0.0019,-14.0,0.095,9661,105.09519494249011,2443,0,0.0,0
1859,1.0,0.0019,-14.0,0.095,9661,105.09519494249011,2443,0,0.0,0
1860,1.0,0.0019,-14.0,0.095,9661,105.09519494249011,2443,0,0.0,0
1861,1.0,0.0019,-14.0,0.095,9673,105.09519494249011,2455,12,0.0,12
1862,1.0,0.0019,-14.0,0.095,9697,105.09519494249011,2443,24,0.0,-12
1863,1.0,0.0019,-14.0,0.095,9697,105.09519494249011,2443,0,0.0,0
1864,1.0,0.0019,-14.0,0.095,9721,105.09519494249011,2447,24,0.0,4
1865,1.0,0.0019,-14.0,0.095,9721,105.09519494249011,2447,0,0.0,0
1866,1.0,0.0019,-14.0,0.095,9745,105.09519494249011,2459,24,0.0,12
1867,1.0,0.0019,-14.0,0.095,9775,106.4377752492037,2483,30,1.342580306713586,24
1868,1.0,0.0019,-14.0,0.095,9787,106.4377752492037,2495,12,0.0,12
1869,1.0,0.0019,-14.0,0.095,9787,106.4377752492037,2495,0,0.0,0
1870,1.0,0.0019,-14.0,0.095,9823,106.4377752492037,2531,36,0.0,36
1871,1.0,0.0019,-14.0,0.095,9859,106.4377752492037,2493,36,0.0,-38
1872,1.0,0.0019,-14.0,0.095,9871,106.4377752492037,2505,12,0.0,12
1873,1.0,0.0019,-14.0,0.095,9871,106.4377752492037,2505,0,0.0,0
1874,1.0,0.0019,-14.0,0.095,9871,106.4377752492037,2505,0,0.0,0
1875,1.0,0.0019,-14.0,0.095,9871,106.4377752492037,2505,0,0.0,0
1876,1.0,0.0019,-14.0,0.095,9883,106.4377752492037,2505,12,0.0,0
1877,1.0,0.0019,-14.0,0.095,9895,106.4377752492037,2517,12,0.0,12
1878,1.0,0.0019,-14.0,0.095,9907,106.4377752492037,2529,12,0.0,12
1879,1.0,0.0019,-14.0,0.095,9907,106.4377752492037,2529,0,0.0,0
1880,1.0,0.0019,-14.0,0.095,9919,106.4377752492037,2529,12,0.0,0
1881,1.0,0.0019,-14.0,0.095,9919,106.4377752492037,2529,0,0.0,0
1882,1.0,0.0019,-14.0,0.095,9919,106.4377752492037,2529,0,0.0,0
1883,1.0,0.0019,-14.0,0.095,9931,106.4377752492037,2541,12,0.0,12
1884,1.0,0.0019,-14.0,0.095,9955,106.4377752492037,2529,24,0.0,-12
1885,1.0,0.0019,-14.0,0.095,9955,106.4377752492037,2529,0,0.0,0
1886,1.0,0.0019,-14.0,0.095,9967,106.4377752492037,2541,12,0.0,12
1887,1.0,0.0019,-14.0,0.095,9973,107.33126291998991,2547,6,0.8934876707862145,6
1888,1.0,0.0019,-14.0,0.095,9997,107.33126291998991,2565,24,0.0,18
1889,1.0,0.0019,-14.0,0.095,10009,107.33126291998991,2577,12,0.0,12
1890,1.0,0.0019,-14.0,0.095,10009,107.33126291998991,2577,0,0.0,0
1891,1.0,0.0019,-14.0,0.095,10033,107.33126291998991,2589,24,0.0,12
1892,1.0,0.0019,-14.0,0.095,10045,107.33126291998991,2579,12,0.0,-10
1893,1.0,0.0019,-14.0,0.095,10057,107.33126291998991,2579,12,0.0,0
1894,1.0,0.0019,-14.0,0.095,10057,107.33126291998991,2579,0,0.0,0
1895,1.0,0.0019,-14.0,0.095,10057,107.33126291998991,2579,0,0.0,0
1896,1.0,0.0019,-14.0,0.095,10069,107.33126291998991,2589,12,0.0,10
1897,1.0,0.0019,-14.0,0.095,10075,107.33126291998991,2571,6,0.0,-18
1898,1.0,0.0019,-14.0,0.095,10075,107.33126291998991,2571,0,0.0,0
1899,1.0,0.0019,-14.0,0.095,10087,107.33126291998991,2583,12,0.0,12
1900,1.0,0.0019,-14.0,0.095,10099,107.33126291998991,2559,12,0.0,-24
1901,1.0,0.0019,-14.0,0.095,10099,107.33126291998991,2559,0,0.0,0
1902,1.0,0.0019,-14.0,0.095,10099,107.33126291998991,2559,0,0.0,0
1903,1.0,0.0019,-14.0,0.095,10111,107.33126291998991,2571,12,0.0,12
1904,1.0,0.0019,-14.0,0.095,10111,107.33126291998991,2571,0,0.0,0
1905,1.0,0.0019,-14.0,0.095,10123,107.33126291998991,2583,12,0.0,12
1906,1.0,0.0019,-14.0,0.095,10135,107.33126291998991,2595,12,0.0,12
1907,1.0,0.0019,-14.0,0.095,10153,108.67382389517726,2613,18,1.3425609751873537,18
1908,1.0,0.0019,-14.0,0.095,10177,108.67382389517726,2619,24,0.0,6
1909,1.0,0.0019,-14.0,0.095,10177,108.67382389517726,2619,0,0.0,0
1910,1.0,0.0019,-14.0,0.095,10177,108.67382389517726,2619,0,0.0,0
1911,1.0,0.0019,-14.0,0.095,10177,108.67382389517726,2619,0,0.0,0
1912,1.0,0.0019,-14.0,0.095,10177,108.67382389517726,2619,0,0.0,0
1913,1.0,0.0019,-14.0,0.095,10189,108.67382389517726,2595,12,0.0,-24
1914,1.0,0.0019,-14.0,0.095,10201,108.67382389517726,2607,12,0.0,12
1915,1.0,0.0019,-14.0,0.095,10201,108.67382389517726,2607,0,0.0,0
1916,1.0,0.0019,-14.0,0.095,10201,108.67382389517726,2607,0,0.0,0
1917,1.0,0.0019,-14.0,0.095,10225,108.67382389517726,2595,24,0.0,-12
1918,1.0,0.0019,-14.0,0.095,10225,108.67382389517726,2595,0,0.0,0
1919,1.0,0.0019,-14.0,0.095,10225,108.67382389517726,2595,0,0.0,0
1920,1.0,0.0019,-14.0,0.095,10261,108.67382389517726,2537,36,0.0,-58
1921,1.0,0.0019,-14.0,0.095,10261,108.67382389517726,2537,0,0.0,0
1922,1.0,0.0019,-14.0,0.095,10285,108.67382389517726,2525,24,0.0,-12
1923,1.0,0.0019,-14.0,0.095,10309,108.67382389517726,2505,24,0.0,-20
1924,1.0,0.0019,-14.0,0.095,10345,108.67382389517726,2531,36,0.0,26
1925,1.0,0.0019,-14.0,0.095,10345,108.67382389517726,2531,0,0.0,0
1926,1.0,0.0019,-14.0,0.095,10381,108.67382389517726,2555,36,0.0,24
1927,1.0,0.0019,-14.0,0.095,10411,109.5673308974897,2565,30,0.8935070023124325,10
1928,1.0,0.0019,-14.0,0.095,10411,109.5673308974897,2565,0,0.0,0
1929,1.0,0.0019,-14.0,0.095,10423,109.5673308974897,2577,12,0.0,12
1930,1.0,0.0019,-14.0,0.095,10423,109.5673308974897,2577,0,0.0,0
1931,1.0,0.0019,-14.0,0.095,10447,109.5673308974897,2565,24,0.0,-12
1932,1.0,0.0019,-14.0,0.095,10447,109.5673308974897,2565,0,0.0,0
1933,1.0,0.0019,-14.0,0.095,10459,109.5673308974897,2575,12,0.0,10
1934,1.0,0.0019,-14.0,0.095,10459,109.5673308974897,2575,0,0.0,0
1935,1.0,0.0019,-14.0,0.095,10459,109.5673308974897,2575,0,0.0,0
1936,1.0,0.0019,-14.0,0.095,10459,109.5673308974897,2575,0,0.0,0
1937,1.0,0.0019,-14.0,0.095,10471,109.5673308974897,2587,12,0.0,12
1938,1.0,0.0019,-14.0,0.095,10495,109.5673308974897,2599,24,0.0,12
1939,1.0,0.0019,-14.0,0.095,10507,109.5673308974897,2611,12,0.0,12
1940,1.0,0.0019,-14.0,0.095,10519,109.5673308974897,2623,12,0.0,12
1941,1.0,0.0019,-14.0,0.095,10531,109.5673308974897,2635,12,0.0,12
1942,1.0,0.0019,-14.0,0.095,10531,109.5673308974897,2635,0,0.0,0
1943,1.0,0.0019,-14.0,0.095,10555,109.5673308974897,2627,24,0.0,-8
1944,1.0,0.0019,-14.0,0.095,10579,109.5673308974897,2603,24,0.0,-24
1945,1.0,0.0019,-14.0,0.095,10591,109.5673308974897,2615,12,0.0,12
1946,1.0,0.0019,-14.0,0.095,10591,109.5673308974897,2615,0,0.0,0
1947,1.0,0.0019,-14.0,0.095,10597,110.90987332063814,2621,6,1.3425424231484442,6
1948,1.0,0.0019,-14.0,0.095,10609,110.90987332063814,2627,12,0.0,6
1949,1.0,0.0019,-14.0,0.095,10609,110.90987332063814,2627,0,0.0,0
1950,1.0,0.0019,-14.0,0.095,10621,110.90987332063814,2639,12,0.0,12
1951,1.0,0.0019,-14.0,0.095,10621,110.90987332063814,2639,0,0.0,0
1952,1.0,0.0019,-14.0,0.095,10645,110.90987332063814,2653,24,0.0,14
1953,1.0,0.0019,-14.0,0.095,10657,110.90987332063814,2665,12,0.0,12
1954,1.0,0.0019,-14.0,0.095,10669,110.90987332063814,2665,12,0.0,0
1955,1.0,0.0019,-14.0,0.095,10669,110.90987332063814,2665,0,0.0,0
1956,1.0,0.0019,-14.0,0.095,10681,110.90987332063814,2677,12,0.0,12
1957,1.0,0.0019,-14.0,0.095,10681,110.90987332063814,2677,0,0.0,0
1958,1.0,0.0019,-14.0,0.095,10705,110.90987332063814,2665,24,0.0,-12
1959,1.0,0.0019,-14.0,0.095,10705,110.90987332063814,2665,0,0.0,0
1960,1.0,0.0019,-14.0,0.095,10705,110.90987332063814,2665,0,0.0,0
1961,1.0,0.0019,-14.0,0.095,10741,110.90987332063814,2617,36,0.0,-48
1962,1.0,0.0019,-14.0,0.095,10741,110.90987332063814,2617,0,0.0,0
1963,1.0,0.0019,-14.0,0.095,10741,110.90987332063814,2617,0,0.0,0
1964,1.0,0.0019,-14.0,0.095,10789,110.90987332063814,2641,48,0.0,24
1965,1.0,0.0019,-14.0,0.095,10801,110.90987332063814,2645,12,0.0,4
1966,1.0,0.0019,-14.0,0.095,10801,110.90987332063814,2645,0,0.0,0
1967,1.0,0.0019,-14.0,0.095,10819,111.80339887498948,2651,18,0.8935255543513421,6
1968,1.0,0.0019,-14.0,0.095,10831,111.80339887498948,2657,12,0.0,6
1969,1.0,0.0019,-14.0,0.095,10843,111.80339887498948,2669,12,0.0,12
1970,1.0,0.0019,-14.0,0.095,10843,111.80339887498948,2669,0,0.0,0
1971,1.0,0.0019,-14.0,0.095,10855,111.80339887498948,2681,12,0.0,12
1972,1.0,0.0019,-14.0,0.095,10855,111.80339887498948,2681,0,0.0,0
1973,1.0,0.0019,-14.0,0.095,10855,111.80339887498948,2681,0,0.0,0
1974,1.0,0.0019,-14.0,0.095,10855,111.80339887498948,2681,0,0.0,0
1975,1.0,0.0019,-14.0,0.095,10855,111.80339887498948,2681,0,0.0,0
1976,1.0,0.0019,-14.0,0.095,10855,111.80339887498948,2681,0,0.0,0
1977,1.0,0.0019,-14.0,0.095,10855,111.80339887498948,2681,0,0.0,0
1978,1.0,0.0019,-14.0,0.095,10855,111.80339887498948,2681,0,0.0,0
1979,1.0,0.0019,-14.0,0.095,10855,111.80339887498948,2681,0,0.0,0
1980,1.0,0.0019,-14.0,0.095,10867,111.80339887498948,2657,12,0.0,-24
1981,1.0,0.0019,-14.0,0.095,10879,111.80339887498948,2633,12,0.0,-24
1982,1.0,0.0019,-14.0,0.095,10903,111.80339887498948,2621,24,0.0,-12
1983,1.0,0.0019,-14.0,0.095,10915,111.80339887498948,2625,12,0.0,4
1984,1.0,0.0019,-14.0,0.095,10951,111.80339887498948,2627,36,0.0,2
1985,1.0,0.0019,-14.0,0.095,10987,111.80339887498948,2649,36,0.0,22
1986,1.0,0.0019,-14.0,0.095,10987,111.80339887498948,2649,0,0.0,0
1987,1.0,0.0019,-14.0,0.095,11029,113.14592347937243,2685,42,1.3425246043829446,36
1988,1.0,0.0019,-14.0,0.095,11041,113.14592347937243,2697,12,0.0,12
1989,1.0,0.0019,-14.0,0.095,11053,113.14592347937243,2709,12,0.0,12
1990,1.0,0.0019,-14.0,0.095,11065,113.14592347937243,2707,12,0.0,-2
1991,1.0,0.0019,-14.0,0.095,11089,113.14592347937243,2695,24,0.0,-12
1992,1.0,0.0019,-14.0,0.095,11089,113.14592347937243,2695,0,0.0,0
1993,1.0,0.0019,-14.0,0.095,11089,113.14592347937243,2695,0,0.0,0
1994,1.0,0.0019,-14.0,0.095,11089,113.14592347937243,2695,0,0.0,0
1995,1.0,0.0019,-14.0,0.095,11089,113.14592347937243,2695,0,0.0,0
1996,1.0,0.0019,-14.0,0.095,11113,113.14592347937243,2653,24,0.0,-42
1997,1.0,0.0019,-14.0,0.095,11125,113.14592347937243,2659,12,0.0,6
1998,1.0,0.0019,-14.0,0.095,11125,113.14592347937243,2659,0,0.0,0
1999,1.0,0.0019,-14.0,0.095,11125,113.14592347937243,2659,0,0.0,0
2000,1.0,0.0019,-14.0,0.095,11137,113.14592347937243,2663,12,0.0,4
2001,1.0,0.0019,-14.0,0.095,11137,113.14592347937243,2663,0,0.0,0
2002,1.0,0.0019,-14.0,0.095,11149,113.14592347937243,2639,12,0.0,-24
2003,1.0,0.0019,-14.0,0.095,11161,113.14592347937243,2651,12,0.0,12
2004,1.0,0.0019,-14.0,0.095,11173,113.14592347937243,2627,12,0.0,-24
2005,1.0,0.0019,-14.0,0.095,11209,113.14592347937243,2643,36,0.0,16
2006,1.0,0.0019,-14.0,0.095,11209,113.14592347937243,2643,0,0.0,0
2007,1.0,0.0019,-14.0,0.095,11215,114.03946685248927,2649,6,0.8935433731168416,6
2008,1.0,0.0019,-14.0,0.095,11227,114.03946685248927,2655,12,0.0,6
2009,1.0,0.0019,-14.0,0.095,11227,114.03946685248927,2655,0,0.0,0
2010,1.0,0.0019,-14.0,0.095,11227,114.03946685248927,2655,0,0.0,0
2011,1.0,0.0019,-14.0,0.095,11239,114.03946685248927,2667,12,0.0,12
2012,1.0,0.0019,-14.0,0.095,11251,114.03946685248927,2667,12,0.0,0
2013,1.0,0.0019,-14.0,0.095,11299,114.03946685248927,2691,48,0.0,24
2014,1.0,0.0019,-14.0,0.095,11299,114.03946685248927,2691,0,0.0,0
2015,1.0,0.0019,-14.0,0.095,11299,114.03946685248927,2691,0,0.0,0
2016,1.0,0.0019,-14.0,0.095,11347,114.03946685248927,2707,48,0.0,16
2017,1.0,0.0019,-14.0,0.095,11359,114.03946685248927,2717,12,0.0,10
2018,1.0,0.0019,-14.0,0.095,11359,114.03946685248927,2717,0,0.0,0
2019,1.0,0.0019,-14.0,0.095,11371,114.03946685248927,2693,12,0.0,-24
2020,1.0,0.0019,-14.0,0.095,11383,114.03946685248927,2697,12,0.0,4
2021,1.0,0.0019,-14.0,0.095,11383,114.03946685248927,2697,0,0.0,0
2022,1.0,0.0019,-14.0,0.095,11395,114.03946685248927,2709,12,0.0,12
2023,1.0,0.0019,-14.0,0.095,11407,114.03946685248927,2715,12,0.0,6
2024,1.0,0.0019,-14.0,0.095,11407,114.03946685248927,2715,0,0.0,0
2025,1.0,0.0019,-14.0,0.095,11407,114.03946685248927,2715,0,0.0,0
2026,1.0,0.0019,-14.0,0.095,11419,114.03946685248927,2727,12,0.0,12
2027,1.0,0.0019,-14.0,0.095,11425,115.3819743287486,2733,6,1.3425074762593283,6
2028,1.0,0.0019,-14.0,0.095,11461,115.3819743287486,2735,36,0.0,2
2029,1.0,0.0019,-14.0,0.095,11461,115.3819743287486,2735,0,0.0,0
2030,1.0,0.0019,-14.0,0.095,11485,115.3819743287486,2745,24,0.0,10
2031,1.0,0.0019,-14.0,0.095,11497,115.3819743287486,2757,12,0.0,12
2032,1.0,0.0019,-14.0,0.095,11497,115.3819743287486,2757,0,0.0,0
2033,1.0,0.0019,-14.0,0.095,11509,115.3819743287486,2769,12,0.0,12
2034,1.0,0.0019,-14.0,0.095,11521,115.3819743287486,2781,12,0.0,12
2035,1.0,0.0019,-14.0,0.095,11521,115.3819743287486,2781,0,0.0,0
2036,1.0,0.0019,-14.0,0.095,11533,115.3819743287486,2793,12,0.0,12
2037,1.0,0.0019,-14.0,0.095,11557,115.3819743287486,2781,24,0.0,-12
2038,1.0,0.0019,-14.0,0.095,11569,115.3819743287486,2761,12,0.0,-20
2039,1.0,0.0019,-14.0,0.095,11593,115.3819743287486,2773,24,0.0,12
2040,1.0,0.0019,-14.0,0.095,11617,115.3819743287486,2793,24,0.0,20
2041,1.0,0.0019,-14.0,0.095,11629,115.3819743287486,2805,12,0.0,12
2042,1.0,0.0019,-14.0,0.095,11653,115.3819743287486,2799,24,0.0,-6
2043,1.0,0.0019,-14.0,0.095,11653,115.3819743287486,2799,0,0.0,0
2044,1.0,0.0019,-14.0,0.095,11665,115.3819743287486,2799,12,0.0,0
2045,1.0,0.0019,-14.0,0.095,11689,115.3819743287486,2823,24,0.0,24
2046,1.0,0.0019,-14.0,0.095,11701,115.3819743287486,2823,12,0.0,0
2047,1.0,0.0019,-14.0,0.095,11731,116.27553482998907,2843,30,0.8935605012404721,20
2048,1.0,0.0019,-14.0,0.095,11743,116.27553482998907,2843,12,0.0,0
2049,1.0,0.0019,-14.0,0.095,11791,116.27553482998907,2855,48,0.0,12
2050,1.0,0.0019,-14.0,0.095,11815,116.27553482998907,2879,24,0.0,24
2051,1.0,0.0019,-14.0,0.095,11815,116.27553482998907,2879,0,0.0,0
2052,1.0,0.0019,-14.0,0.095,11827,116.27553482998907,2879,12,0.0,0
2053,1.0,0.0019,-14.0,0.095,11851,116.27553482998907,2831,24,0.0,-48
2054,1.0,0.0019,-14.0,0.095,11875,116.27553482998907,2855,24,0.0,24
2055,1.0,0.0019,-14.0,0.095,11887,116.27553482998907,2867,12,0.0,12
2056,1.0,0.0019,-14.0,0.095,11911,116.27553482998907,2869,24,0.0,2
2057,1.0,0.0019,-14.0,0.095,11923,116.27553482998907,2881,12,0.0,12
2058,1.0,0.0019,-14.0,0.095,11923,116.27553482998907,2881,0,0.0,0
2059,1.0,0.0019,-14.0,0.095,11923,116.27553482998907,2881,0,0.0,0
2060,1.0,0.0019,-14.0,0.095,11923,116.27553482998907,2881,0,0.0,0
2061,1.0,0.0019,-14.0,0.095,11923,116.27553482998907,2881,0,0.0,0
2062,1.0,0.0019,-14.0,0.095,11935,116.27553482998907,2857,12,0.0,-24
2063,1.0,0.0019,-14.0,0.095,11935,116.27553482998907,2857,0,0.0,0
2064,1.0,0.0019,-14.0,0.095,11959,116.27553482998907,2809,24,0.0,-48
2065,1.0,0.0019,-14.0,0.095,11971,116.27553482998907,2785,12,0.0,-24
2066,1.0,0.0019,-14.0,0.095,11971,116.27553482998907,2785,0,0.0,0
2067,1.0,0.0019,-14.0,0.095,11989,117.61802582937702,2795,18,1.3424909993879481,10
2068,1.0,0.0019,-14.0,0.095,12025,117.61802582937702,2801,36,0.0,6
2069,1.0,0.0019,-14.0,0.095,12049,117.61802582937702,2781,24,0.0,-20
2070,1.0,0.0019,-14.0,0.095,12049,117.61802582937702,2781,0,0.0,0
2071,1.0,0.0019,-14.0,0.095,12061,117.61802582937702,2785,12,0.0,4
2072,1.0,0.0019,-14.0,0.095,12061,117.61802582937702,2785,0,0.0,0
2073,1.0,0.0019,-14.0,0.095,12073,117.61802582937702,2785,12,0.0,0
2074,1.0,0.0019,-14.0,0.095,12073,117.61802582937702,2785,0,0.0,0
2075,1.0,0.0019,-14.0,0.095,12097,117.61802582937702,2809,24,0.0,24
2076,1.0,0.0019,-14.0,0.095,12109,117.61802582937702,2821,12,0.0,12
2077,1.0,0.0019,-14.0,0.095,12121,117.61802582937702,2797,12,0.0,-24
2078,1.0,0.0019,-14.0,0.095,12121,117.61802582937702,2797,0,0.0,0
2079,1.0,0.0019,-14.0,0.095,12133,117.61802582937702,2809,12,0.0,12
2080,1.0,0.0019,-14.0,0.095,12157,117.61802582937702,2821,24,0.0,12
2081,1.0,0.0019,-14.0,0.095,12169,117.61802582937702,2833,12,0.0,12
2082,1.0,0.0019,-14.0,0.095,12181,117.61802582937702,2833,12,0.0,0
2083,1.0,0.0019,-14.0,0.095,12193,117.61802582937702,2833,12,0.0,0
2084,1.0,0.0019,-14.0,0.095,12193,117.61802582937702,2833,0,0.0,0
2085,1.0,0.0019,-14.0,0.095,12193,117.61802582937702,2833,0,0.0,0
2086,1.0,0.0019,-14.0,0.095,12205,117.61802582937702,2825,12,0.0,-8
2087,1.0,0.0019,-14.0,0.095,12217,118.51160280748886,2813,12,0.8935769781118381,-12
2088,1.0,0.0019,-14.0,0.095,12265,118.51160280748886,2813,48,0.0,0
2089,1.0,0.0019,-14.0,0.095,12265,118.51160280748886,2813,0,0.0,0
2090,1.0,0.0019,-14.0,0.095,12265,118.51160280748886,2813,0,0.0,0
2091,1.0,0.0019,-14.0,0.095,12277,118.51160280748886,2789,12,0.0,-24
2092,1.0,0.0019,-14.0,0.095,12289,118.51160280748886,2765,12,0.0,-24
2093,1.0,0.0019,-14.0,0.095,12301,118.51160280748886,2777,12,0.0,12
2094,1.0,0.0019,-14.0,0.095,12301,118.51160280748886,2777,0,0.0,0
2095,1.0,0.0019,-14.0,0.095,12301,118.51160280748886,2777,0,0.0,0
2096,1.0,0.0019,-14.0,0.095,12313,118.51160280748886,2789,12,0.0,12
2097,1.0,0.0019,-14.0,0.095,12325,118.51160280748886,2801,12,0.0,12
2098,1.0,0.0019,-14.0,0.095,12349,118.51160280748886,2789,24,0.0,-12
2099,1.0,0.0019,-14.0,0.095,12349,118.51160280748886,2789,0,0.0,0
2100,1.0,0.0019,-14.0,0.095,12349,118.51160280748886,2789,0,0.0,0
2101,1.0,0.0019,-14.0,0.095,12349,118.51160280748886,2789,0,0.0,0
2102,1.0,0.0019,-14.0,0.095,12361,118.51160280748886,2801,12,0.0,12
2103,1.0,0.0019,-14.0,0.095,12373,118.51160280748886,2805,12,0.0,4
2104,1.0,0.0019,-14.0,0.095,12409,118.51160280748886,2801,36,0.0,-4
2105,1.0,0.0019,-14.0,0.095,12409,118.51160280748886,2801,0,0.0,0
2106,1.0,0.0019,-14.0,0.095,12433,118.51160280748886,2813,24,0.0,12
2107,1.0,0.0019,-14.0,0.095,12463,119.85407794480753,2829,30,1.3424751373186723,16
2108,1.0,0.0019,-14.0,0.095,12475,119.85407794480753,2841,12,0.0,12
2109,1.0,0.0019,-14.0,0.095,12499,119.85407794480753,2845,24,0.0,4
2110,1.0,0.0019,-14.0,0.095,12511,119.85407794480753,2857,12,0.0,12
2111,1.0,0.0019,-14.0,0.095,12523,119.85407794480753,2867,12,0.0,10
2112,1.0,0.0019,-14.0,0.095,12523,119.85407794480753,2867,0,0.0,0
2113,1.0,0.0019,-14.0,0.095,12535,119.85407794480753,2879,12,0.0,12
2114,1.0,0.0019,-14.0,0.095,12547,119.85407794480753,2875,12,0.0,-4
2115,1.0,0.0019,-14.0,0.095,12571,119.85407794480753,2891,24,0.0,16
2116,1.0,0.0019,-14.0,0.095,12583,119.85407794480753,2883,12,0.0,-8
2117,1.0,0.0019,-14.0,0.095,12595,119.85407794480753,2895,12,0.0,12
2118,1.0,0.0019,-14.0,0.095,12607,119.85407794480753,2871,12,0.0,-24
2119,1.0,0.0019,-14.0,0.095,12631,119.85407794480753,2859,24,0.0,-12
2120,1.0,0.0019,-14.0,0.095,12643,119.85407794480753,2847,12,0.0,-12
2121,1.0,0.0019,-14.0,0.095,12667,119.85407794480753,2829,24,0.0,-18
2122,1.0,0.0019,-14.0,0.095,12691,119.85407794480753,2821,24,0.0,-8
2123,1.0,0.0019,-14.0,0.095,12703,119.85407794480753,2821,12,0.0,0
2124,1.0,0.0019,-14.0,0.095,12703,119.85407794480753,2821,0,0.0,0
2125,1.0,0.0019,-14.0,0.095,12727,119.85407794480753,2845,24,0.0,24
2126,1.0,0.0019,-14.0,0.095,12739,119.85407794480753,2857,12,0.0,12
2127,1.0,0.0019,-14.0,0.095,12745,120.74767078498864,2863,6,0.893592840181114,6
2128,1.0,0.0019,-14.0,0.095,12757,120.74767078498864,2869,12,0.0,6
2129,1.0,0.0019,-14.0,0.095,12757,120.74767078498864,2869,0,0.0,0
2130,1.0,0.0019,-14.0,0.095,12769,120.74767078498864,2845,12,0.0,-24
2131,1.0,0.0019,-14.0,0.095,12781,120.74767078498864,2857,12,0.0,12
2132,1.0,0.0019,-14.0,0.095,12817,120.74767078498864,2871,36,0.0,14
2133,1.0,0.0019,-14.0,0.095,12841,120.74767078498864,2859,24,0.0,-12
2134,1.0,0.0019,-14.0,0.095,12853,120.74767078498864,2871,12,0.0,12
2135,1.0,0.0019,-14.0,0.095,12853,120.74767078498864,2871,0,0.0,0
2136,1.0,0.0019,-14.0,0.095,12865,120.74767078498864,2881,12,0.0,10
2137,1.0,0.0019,-14.0,0.095,12877,120.74767078498864,2893,12,0.0,12
2138,1.0,0.0019,-14.0,0.095,12877,120.74767078498864,2893,0,0.0,0
2139,1.0,0.0019,-14.0,0.095,12889,120.74767078498864,2869,12,0.0,-24
2140,1.0,0.0019,-14.0,0.095,12913,120.74767078498864,2893,24,0.0,24
2141,1.0,0.0019,-14.0,0.095,12937,120.74767078498864,2905,24,0.0,12
2142,1.0,0.0019,-14.0,0.095,12937,120.74767078498864,2905,0,0.0,0
2143,1.0,0.0019,-14.0,0.095,12937,120.74767078498864,2905,0,0.0,0
2144,1.0,0.0019,-14.0,0.095,12949,120.74767078498864,2881,12,0.0,-24
2145,1.0,0.0019,-14.0,0.095,12949,120.74767078498864,2881,0,0.0,0
2146,1.0,0.0019,-14.0,0.095,12973,120.74767078498864,2893,24,0.0,12
2147,1.0,0.0019,-14.0,0.095,12979,122.09013064126027,2899,6,1.3424598562716312,6
2148,1.0,0.0019,-14.0,0.095,13015,122.09013064126027,2917,36,0.0,18
2149,1.0,0.0019,-14.0,0.095,13027,122.09013064126027,2925,12,0.0,8
2150,1.0,0.0019,-14.0,0.095,13039,122.09013064126027,2937,12,0.0,12
2151,1.0,0.0019,-14.0,0.095,13039,122.09013064126027,2937,0,0.0,0
2152,1.0,0.0019,-14.0,0.095,13051,122.09013064126027,2937,12,0.0,0
2153,1.0,0.0019,-14.0,0.095,13063,122.09013064126027,2913,12,0.0,-24
2154,1.0,0.0019,-14.0,0.095,13087,122.09013064126027,2901,24,0.0,-12
2155,1.0,0.0019,-14.0,0.095,13099,122.09013064126027,2905,12,0.0,4
2156,1.0,0.0019,-14.0,0.095,13111,122.09013064126027,2897,12,0.0,-8
2157,1.0,0.0019,-14.0,0.095,13135,122.09013064126027,2885,24,0.0,-12
2158,1.0,0.0019,-14.0,0.095,13147,122.09013064126027,2871,12,0.0,-14
2159,1.0,0.0019,-14.0,0.095,13147,122.09013064126027,2871,0,0.0,0
2160,1.0,0.0019,-14.0,0.095,13171,122.09013064126027,2861,24,0.0,-10
2161,1.0,0.0019,-14.0,0.095,13183,122.09013064126027,2873,12,0.0,12
2162,1.0,0.0019,-14.0,0.095,13195,122.09013064126027,2885,12,0.0,12
2163,1.0,0.0019,-14.0,0.095,13207,122.09013064126027,2885,12,0.0,0
2164,1.0,0.0019,-14.0,0.095,13255,122.09013064126027,2911,48,0.0,26
2165,1.0,0.0019,-14.0,0.095,13255,122.09013064126027,2911,0,0.0,0
2166,1.0,0.0019,-14.0,0.095,13267,122.09013064126027,2911,12,0.0,0
2167,1.0,0.0019,-14.0,0.095,13297,122.98373876248843,2921,30,0.893608121228155,10
2168,1.0,0.0019,-14.0,0.095,13321,122.98373876248843,2941,24,0.0,20
2169,1.0,0.0019,-14.0,0.095,13333,122.98373876248843,2953,12,0.0,12
2170,1.0,0.0019,-14.0,0.095,13333,122.98373876248843,2953,0,0.0,0
2171,1.0,0.0019,-14.0,0.095,13333,122.98373876248843,2953,0,0.0,0
2172,1.0,0.0019,-14.0,0.095,13345,122.98373876248843,2965,12,0.0,12
2173,1.0,0.0019,-14.0,0.095,13357,122.98373876248843,2975,12,0.0,10
2174,1.0,0.0019,-14.0,0.095,13357,122.98373876248843,2975,0,0.0,0
2175,1.0,0.0019,-14.0,0.095,13369,122.98373876248843,2971,12,0.0,-4
2176,1.0,0.0019,-14.0,0.095,13381,122.98373876248843,2971,12,0.0,0
2177,1.0,0.0019,-14.0,0.095,13393,122.98373876248843,2971,12,0.0,0
2178,1.0,0.0019,-14.0,0.095,13417,122.98373876248843,2987,24,0.0,16
2179,1.0,0.0019,-14.0,0.095,13417,122.98373876248843,2987,0,0.0,0
2180,1.0,0.0019,-14.0,0.095,13417,122.98373876248843,2987,0,0.0,0
2181,1.0,0.0019,-14.0,0.095,13465,122.98373876248843,2955,48,0.0,-32
2182,1.0,0.0019,-14.0,0.095,13477,122.98373876248843,2955,12,0.0,0
2183,1.0,0.0019,-14.0,0.095,13537,122.98373876248843,2979,60,0.0,24
2184,1.0,0.0019,-14.0,0.095,13537,122.98373876248843,2979,0,0.0,0
2185,1.0,0.0019,-14.0,0.095,13537,122.98373876248843,2979,0,0.0,0
2186,1.0,0.0019,-14.0,0.095,13549,122.98373876248843,2955,12,0.0,-24
2187,1.0,0.0019,-14.0,0.095,13567,124.32618388738553,2969,18,1.3424451248970968,14
2188,1.0,0.0019,-14.0,0.095,13579,124.32618388738553,2975,12,0.0,6
2189,1.0,0.0019,-14.0,0.095,13579,124.32618388738553,2975,0,0.0,0
2190,1.0,0.0019,-14.0,0.095,13591,124.32618388738553,2975,12,0.0,0
2191,1.0,0.0019,-14.0,0.095,13603,124.32618388738553,2987,12,0.0,12
2192,1.0,0.0019,-14.0,0.095,13615,124.32618388738553,2987,12,0.0,0
2193,1.0,0.0019,-14.0,0.095,13615,124.32618388738553,2987,0,0.0,0
2194,1.0,0.0019,-14.0,0.095,13639,124.32618388738553,2983,24,0.0,-4
2195,1.0,0.0019,-14.0,0.095,13639,124.32618388738553,2983,0,0.0,0
2196,1.0,0.0019,-14.0,0.095,13651,124.32618388738553,2987,12,0.0,4
2197,1.0,0.0019,-14.0,0.095,13651,124.32618388738553,2987,0,0.0,0
2198,1.0,0.0019,-14.0,0.095,13651,124.32618388738553,2987,0,0.0,0
2199,1.0,0.0019,-14.0,0.095,13651,124.32618388738553,2987,0,0.0,0
2200,1.0,0.0019,-14.0,0.095,13651,124.32618388738553,2987,0,0.0,0
2201,1.0,0.0019,-14.0,0.095,13675,124.32618388738553,2963,24,0.0,-24
2202,1.0,0.0019,-14.0,0.095,13687,124.32618388738553,2939,12,0.0,-24
2203,1.0,0.0019,-14.0,0.095,13687,124.32618388738553,2939,0,0.0,0
2204,1.0,0.0019,-14.0,0.095,13711,124.32618388738553,2947,24,0.0,8
2205,1.0,0.0019,-14.0,0.095,13711,124.32618388738553,2947,0,0.0,0
2206,1.0,0.0019,-14.0,0.095,13735,124.32618388738553,2935,24,0.0,-12
2207,1.0,0.0019,-14.0,0.095,13753,125.21980673998823,2941,18,0.8936228526027037,6
2208,1.0,0.0019,-14.0,0.095,13789,125.21980673998823,2935,36,0.0,-6
2209,1.0,0.0019,-14.0,0.095,13813,125.21980673998823,2959,24,0.0,24
2210,1.0,0.0019,-14.0,0.095,13837,125.21980673998823,2949,24,0.0,-10
2211,1.0,0.0019,-14.0,0.095,13861,125.21980673998823,2973,24,0.0,24
2212,1.0,0.0019,-14.0,0.095,13861,125.21980673998823,2973,0,0.0,0
2213,1.0,0.0019,-14.0,0.095,13873,125.21980673998823,2985,12,0.0,12
2214,1.0,0.0019,-14.0,0.095,13885,125.21980673998823,2985,12,0.0,0
2215,1.0,0.0019,-14.0,0.095,13897,125.21980673998823,2985,12,0.0,0
2216,1.0,0.0019,-14.0,0.095,13909,125.21980673998823,2985,12,0.0,0
2217,1.0,0.0019,-14.0,0.095,13909,125.21980673998823,2985,0,0.0,0
2218,1.0,0.0019,-14.0,0.095,13921,125.21980673998823,2961,12,0.0,-24
2219,1.0,0.0019,-14.0,0.095,13921,125.21980673998823,2961,0,0.0,0
2220,1.0,0.0019,-14.0,0.095,13945,125.21980673998823,2949,24,0.0,-12
2221,1.0,0.0019,-14.0,0.095,13957,125.21980673998823,2961,12,0.0,12
2222,1.0,0.0019,-14.0,0.095,13981,125.21980673998823,2949,24,0.0,-12
2223,1.0,0.0019,-14.0,0.095,13993,125.21980673998823,2953,12,0.0,4
2224,1.0,0.0019,-14.0,0.095,14017,125.21980673998823,2943,24,0.0,-10
2225,1.0,0.0019,-14.0,0.095,14041,125.21980673998823,2953,24,0.0,10
2226,1.0,0.0019,-14.0,0.095,14053,125.21980673998823,2965,12,0.0,12
2227,1.0,0.0019,-14.0,0.095,14095,126.56223765404908,3001,42,1.3424309140608557,36
2228,1.0,0.0019,-14.0,0.095,14095,126.56223765404908,3001,0,0.0,0
2229,1.0,0.0019,-14.0,0.095,14107,126.56223765404908,3013,12,0.0,12
2230,1.0,0.0019,-14.0,0.095,14119,126.56223765404908,3011,12,0.0,-2
2231,1.0,0.0019,-14.0,0.095,14143,126.56223765404908,3023,24,0.0,12
2232,1.0,0.0019,-14.0,0.095,14143,126.56223765404908,3023,0,0.0,0
2233,1.0,0.0019,-14.0,0.095,14203,126.56223765404908,2919,60,0.0,-104
2234,1.0,0.0019,-14.0,0.095,14215,126.56223765404908,2931,12,0.0,12
2235,1.0,0.0019,-14.0,0.095,14215,126.56223765404908,2931,0,0.0,0
2236,1.0,0.0019,-14.0,0.095,14239,126.56223765404908,2889,24,0.0,-42
2237,1.0,0.0019,-14.0,0.095,14239,126.56223765404908,2889,0,0.0,0
2238,1.0,0.0019,-14.0,0.095,14239,126.56223765404908,2889,0,0.0,0
2239,1.0,0.0019,-14.0,0.095,14251,126.56223765404908,2869,12,0.0,-20
2240,1.0,0.0019,-14.0,0.095,14263,126.56223765404908,2869,12,0.0,0
2241,1.0,0.0019,-14.0,0.095,14263,126.56223765404908,2869,0,0.0,0
2242,1.0,0.0019,-14.0,0.095,14287,126.56223765404908,2883,24,0.0,14
2243,1.0,0.0019,-14.0,0.095,14287,126.56223765404908,2883,0,0.0,0
2244,1.0,0.0019,-14.0,0.095,14287,126.56223765404908,2883,0,0.0,0
2245,1.0,0.0019,-14.0,0.095,14287,126.56223765404908,2883,0,0.0,0
2246,1.0,0.0019,-14.0,0.095,14299,126.56223765404908,2893,12,0.0,10
2247,1.0,0.0019,-14.0,0.095,14317,127.45587471748802,2875,18,0.8936370634389306,-18
2248,1.0,0.0019,-14.0,0.095,14329,127.45587471748802,2881,12,0.0,6
2249,1.0,0.0019,-14.0,0.095,14341,127.45587471748802,2893,12,0.0,12
2250,1.0,0.0019,-14.0,0.095,14353,127.45587471748802,2905,12,0.0,12
2251,1.0,0.0019,-14.0,0.095,14353,127.45587471748802,2905,0,0.0,0
2252,1.0,0.0019,-14.0,0.095,14353,127.45587471748802,2905,0,0.0,0
2253,1.0,0.0019,-14.0,0.095,14365,127.45587471748802,2905,12,0.0,0
2254,1.0,0.0019,-14.0,0.095,14377,127.45587471748802,2897,12,0.0,-8
2255,1.0,0.0019,-14.0,0.095,14377,127.45587471748802,2897,0,0.0,0
2256,1.0,0.0019,-14.0,0.095,14401,127.45587471748802,2921,24,0.0,24
2257,1.0,0.0019,-14.0,0.095,14413,127.45587471748802,2931,12,0.0,10
2258,1.0,0.0019,-14.0,0.095,14437,127.45587471748802,2907,24,0.0,-24
2259,1.0,0.0019,-14.0,0.095,14437,127.45587471748802,2907,0,0.0,0
2260,1.0,0.0019,-14.0,0.095,14449,127.45587471748802,2919,12,0.0,12
2261,1.0,0.0019,-14.0,0.095,14449,127.45587471748802,2919,0,0.0,0
2262,1.0,0.0019,-14.0,0.095,14485,127.45587471748802,2915,36,0.0,-4
2263,1.0,0.0019,-14.0,0.095,14497,127.45587471748802,2921,12,0.0,6
2264,1.0,0.0019,-14.0,0.095,14521,127.45587471748802,2909,24,0.0,-12
2265,1.0,0.0019,-14.0,0.095,14533,127.45587471748802,2907,12,0.0,-2
2266,1.0,0.0019,-14.0,0.095,14545,127.45587471748802,2919,12,0.0,12
2267,1.0,0.0019,-14.0,0.095,14551,128.79829191413992,2925,6,1.3424171966519083,6
2268,1.0,0.0019,-14.0,0.095,14587,128.79829191413992,2907,36,0.0,-18
2269,1.0,0.0019,-14.0,0.095,14587,128.79829191413992,2907,0,0.0,0
2270,1.0,0.0019,-14.0,0.095,14599,128.79829191413992,2905,12,0.0,-2
2271,1.0,0.0019,-14.0,0.095,14623,128.79829191413992,2925,24,0.0,20
2272,1.0,0.0019,-14.0,0.095,14635,128.79829191413992,2925,12,0.0,0
2273,1.0,0.0019,-14.0,0.095,14647,128.79829191413992,2937,12,0.0,12
2274,1.0,0.0019,-14.0,0.095,14659,128.79829191413992,2937,12,0.0,0
2275,1.0,0.0019,-14.0,0.095,14659,128.79829191413992,2937,0,0.0,0
2276,1.0,0.0019,-14.0,0.095,14683,128.79829191413992,2943,24,0.0,6
2277,1.0,0.0019,-14.0,0.095,14683,128.79829191413992,2943,0,0.0,0
2278,1.0,0.0019,-14.0,0.095,14695,128.79829191413992,2923,12,0.0,-20
2279,1.0,0.0019,-14.0,0.095,14695,128.79829191413992,2923,0,0.0,0
2280,1.0,0.0019,-14.0,0.095,14719,128.79829191413992,2943,24,0.0,20
2281,1.0,0.0019,-14.0,0.095,14731,128.79829191413992,2955,12,0.0,12
2282,1.0,0.0019,-14.0,0.095,14791,128.79829191413992,2949,60,0.0,-6
2283,1.0,0.0019,-14.0,0.095,14803,128.79829191413992,2959,12,0.0,10
2284,1.0,0.0019,-14.0,0.095,14815,128.79829191413992,2959,12,0.0,0
2285,1.0,0.0019,-14.0,0.095,14851,128.79829191413992,2979,36,0.0,20
2286,1.0,0.0019,-14.0,0.095,14863,128.79829191413992,2991,12,0.0,12
2287,1.0,0.0019,-14.0,0.095,14881,129.6919426949878,3003,18,0.893650780847878,12
2288,1.0,0.0019,-14.0,0.095,14905,129.6919426949878,3015,24,0.0,12
2289,1.0,0.0019,-14.0,0.095,14917,129.6919426949878,3027,12,0.0,12
2290,1.0,0.0019,-14.0,0.095,14929,129.6919426949878,3039,12,0.0,12
2291,1.0,0.0019,-14.0,0.095,14929,129.6919426949878,3039,0,0.0,0
2292,1.0,0.0019,-14.0,0.095,14929,129.6919426949878,3039,0,0.0,0
2293,1.0,0.0019,-14.0,0.095,14929,129.6919426949878,3039,0,0.0,0
2294,1.0,0.0019,-14.0,0.095,14941,129.6919426949878,3015,12,0.0,-24
2295,1.0,0.0019,-14.0,0.095,14941,129.6919426949878,3015,0,0.0,0
2296,1.0,0.0019,-14.0,0.095,14965,129.6919426949878,3003,24,0.0,-12
2297,1.0,0.0019,-14.0,0.095,14965,129.6919426949878,3003,0,0.0,0
2298,1.0,0.0019,-14.0,0.095,14977,129.6919426949878,3015,12,0.0,12
2299,1.0,0.0019,-14.0,0.095,14977,129.6919426949878,3015,0,0.0,0
2300,1.0,0.0019,-14.0,0.095,14989,129.6919426949878,3019,12,0.0,4
2301,1.0,0.0019,-14.0,0.095,14989,129.6919426949878,3019,0,0.0,0
2302,1.0,0.0019,-14.0,0.095,14989,129.6919426949878,3019,0,0.0,0
2303,1.0,0.0019,-14.0,0.095,14989,129.6919426949878,3019,0,0.0,0
2304,1.0,0.0019,-14.0,0.095,15001,129.6919426949878,3031,12,0.0,12
2305,1.0,0.0019,-14.0,0.095,15025,129.6919426949878,2987,24,0.0,-44
2306,1.0,0.0019,-14.0,0.095,15025,129.6919426949878,2987,0,0.0,0
2307,1.0,0.0019,-14.0,0.095,15031,131.03434664239754,2993,6,1.3424039474097356,6
2308,1.0,0.0019,-14.0,0.095,15079,131.03434664239754,2989,48,0.0,-4
2309,1.0,0.0019,-14.0,0.095,15091,131.03434664239754,2993,12,0.0,4
2310,1.0,0.0019,-14.0,0.095,15115,131.03434664239754,3017,24,0.0,24
2311,1.0,0.0019,-14.0,0.095,15151,131.03434664239754,3029,36,0.0,12
2312,1.0,0.0019,-14.0,0.095,15151,131.03434664239754,3029,0,0.0,0
2313,1.0,0.0019,-14.0,0.095,15175,131.03434664239754,3033,24,0.0,4
2314,1.0,0.0019,-14.0,0.095,15175,131.03434664239754,3033,0,0.0,0
2315,1.0,0.0019,-14.0,0.095,15199,131.03434664239754,3013,24,0.0,-20
2316,1.0,0.0019,-14.0,0.095,15211,131.03434664239754,3025,12,0.0,12
2317,1.0,0.0019,-14.0,0.095,15211,131.03434664239754,3025,0,0.0,0
2318,1.0,0.0019,-14.0,0.095,15223,131.03434664239754,3025,12,0.0,0
2319,1.0,0.0019,-14.0,0.095,15235,131.03434664239754,3037,12,0.0,12
2320,1.0,0.0019,-14.0,0.095,15247,131.03434664239754,3049,12,0.0,12
2321,1.0,0.0019,-14.0,0.095,15259,131.03434664239754,3049,12,0.0,0
2322,1.0,0.0019,-14.0,0.095,15271,131.03434664239754,3059,12,0.0,10
2323,1.0,0.0019,-14.0,0.095,15307,131.03434664239754,3051,36,0.0,-8
2324,1.0,0.0019,-14.0,0.095,15319,131.03434664239754,3051,12,0.0,0
2325,1.0,0.0019,-14.0,0.095,15331,131.03434664239754,3063,12,0.0,12
2326,1.0,0.0019,-14.0,0.095,15367,131.03434664239754,3047,36,0.0,-16
2327,1.0,0.0019,-14.0,0.095,15373,131.9280106724876,3053,6,0.8936640300900649,6
2328,1.0,0.0019,-14.0,0.095,15421,131.9280106724876,3055,48,0.0,2
2329,1.0,0.0019,-14.0,0.095,15433,131.9280106724876,3067,12,0.0,12
2330,1.0,0.0019,-14.0,0.095,15445,131.9280106724876,3079,12,0.0,12
2331,1.0,0.0019,-14.0,0.095,15445,131.9280106724876,3079,0,0.0,0
2332,1.0,0.0019,-14.0,0.095,15481,131.9280106724876,3079,36,0.0,0
2333,1.0,0.0019,-14.0,0.095,15505,131.9280106724876,3083,24,0.0,4
2334,1.0,0.0019,-14.0,0.095,15517,131.9280106724876,3083,12,0.0,0
2335,1.0,0.0019,-14.0,0.095,15517,131.9280106724876,3083,0,0.0,0
2336,1.0,0.0019,-14.0,0.095,15517,131.9280106724876,3083,0,0.0,0
2337,1.0,0.0019,-14.0,0.095,15529,131.9280106724876,3095,12,0.0,12
2338,1.0,0.0019,-14.0,0.095,15529,131.9280106724876,3095,0,0.0,0
2339,1.0,0.0019,-14.0,0.095,15529,131.9280106724876,3095,0,0.0,0
2340,1.0,0.0019,-14.0,0.095,15541,131.9280106724876,3083,12,0.0,-12
2341,1.0,0.0019,-14.0,0.095,15541,131.9280106724876,3083,0,0.0,0
2342,1.0,0.0019,-14.0,0.095,15565,131.9280106724876,3097,24,0.0,14
2343,1.0,0.0019,-14.0,0.095,15565,131.9280106724876,3097,0,0.0,0
2344,1.0,0.0019,-14.0,0.095,15601,131.9280106724876,3113,36,0.0,16
2345,1.0,0.0019,-14.0,0.095,15601,131.9280106724876,3113,0,0.0,0
2346,1.0,0.0019,-14.0,0.095,15613,131.9280106724876,3113,12,0.0,0
2347,1.0,0.0019,-14.0,0.095,15631,133.27040181525678,3125,18,1.3423911427691735,12
2348,1.0,0.0019,-14.0,0.095,15643,133.27040181525678,3137,12,0.0,12
2349,1.0,0.0019,-14.0,0.095,15655,133.27040181525678,3137,12,0.0,0
2350,1.0,0.0019,-14.0,0.095,15679,133.27040181525678,3125,24,0.0,-12
2351,1.0,0.0019,-14.0,0.095,15703,133.27040181525678,3135,24,0.0,10
2352,1.0,0.0019,-14.0,0.095,15727,133.27040181525678,3151,24,0.0,16
2353,1.0,0.0019,-14.0,0.095,15727,133.27040181525678,3151,0,0.0,0
2354,1.0,0.0019,-14.0,0.095,15751,133.27040181525678,3149,24,0.0,-2
2355,1.0,0.0019,-14.0,0.095,15763,133.27040181525678,3161,12,0.0,12
2356,1.0,0.0019,-14.0,0.095,15787,133.27040181525678,3181,24,0.0,20
2357,1.0,0.0019,-14.0,0.095,15787,133.27040181525678,3181,0,0.0,0
2358,1.0,0.0019,-14.0,0.095,15787,133.27040181525678,3181,0,0.0,0
2359,1.0,0.0019,-14.0,0.095,15811,133.27040181525678,3195,24,0.0,14
2360,1.0,0.0019,-14.0,0.095,15823,133.27040181525678,3195,12,0.0,0
2361,1.0,0.0019,-14.0,0.095,15847,133.27040181525678,3149,24,0.0,-46
2362,1.0,0.0019,-14.0,0.095,15847,133.27040181525678,3149,0,0.0,0
2363,1.0,0.0019,-14.0,0.095,15871,133.27040181525678,3157,24,0.0,8
2364,1.0,0.0019,-14.0,0.095,15871,133.27040181525678,3157,0,0.0,0
2365,1.0,0.0019,-14.0,0.095,15883,133.27040181525678,3169,12,0.0,12
2366,1.0,0.0019,-14.0,0.095,15883,133.27040181525678,3169,0,0.0,0
2367,1.0,0.0019,-14.0,0.095,15901,134.16407864998737,3141,18,0.8936768347305986,-28
2368,1.0,0.0019,-14.0,0.095,15913,134.16407864998737,3147,12,0.0,6
2369,1.0,0.0019,-14.0,0.095,15925,134.16407864998737,3159,12,0.0,12
2370,1.0,0.0019,-14.0,0.095,15925,134.16407864998737,3159,0,0.0,0
2371,1.0,0.0019,-14.0,0.095,15949,134.16407864998737,3171,24,0.0,12
2372,1.0,0.0019,-14.0,0.095,15973,134.16407864998737,3173,24,0.0,2
2373,1.0,0.0019,-14.0,0.095,15985,134.16407864998737,3173,12,0.0,0
2374,1.0,0.0019,-14.0,0.095,15985,134.16407864998737,3173,0,0.0,0
2375,1.0,0.0019,-14.0,0.095,15985,134.16407864998737,3173,0,0.0,0
2376,1.0,0.0019,-14.0,0.095,16021,134.16407864998737,3197,36,0.0,24
2377,1.0,0.0019,-14.0,0.095,16069,134.16407864998737,3199,48,0.0,2
2378,1.0,0.0019,-14.0,0.095,16105,134.16407864998737,3215,36,0.0,16
2379,1.0,0.0019,-14.0,0.095,16105,134.16407864998737,3215,0,0.0,0
2380,1.0,0.0019,-14.0,0.095,16117,134.16407864998737,3215,12,0.0,0
2381,1.0,0.0019,-14.0,0.095,16117,134.16407864998737,3215,0,0.0,0
2382,1.0,0.0019,-14.0,0.095,16141,134.16407864998737,3195,24,0.0,-20
2383,1.0,0.0019,-14.0,0.095,16141,134.16407864998737,3195,0,0.0,0
2384,1.0,0.0019,-14.0,0.095,16153,134.16407864998737,3171,12,0.0,-24
2385,1.0,0.0019,-14.0,0.095,16165,134.16407864998737,3173,12,0.0,2
2386,1.0,0.0019,-14.0,0.095,16189,134.16407864998737,3161,24,0.0,-12
2387,1.0,0.0019,-14.0,0.095,16195,135.50645741070792,3167,6,1.3423787607205497,6
2388,1.0,0.0019,-14.0,0.095,16219,135.50645741070792,3173,24,0.0,6
2389,1.0,0.0019,-14.0,0.095,16231,135.50645741070792,3173,12,0.0,0
2390,1.0,0.0019,-14.0,0.095,16243,135.50645741070792,3149,12,0.0,-24
2391,1.0,0.0019,-14.0,0.095,16243,135.50645741070792,3149,0,0.0,0
2392,1.0,0.0019,-14.0,0.095,16243,135.50645741070792,3149,0,0.0,0
2393,1.0,0.0019,-14.0,0.095,16243,135.50645741070792,3149,0,0.0,0
2394,1.0,0.0019,-14.0,0.095,16279,135.50645741070792,3169,36,0.0,20
2395,1.0,0.0019,-14.0,0.095,16303,135.50645741070792,3165,24,0.0,-4
2396,1.0,0.0019,-14.0,0.095,16303,135.50645741070792,3165,0,0.0,0
2397,1.0,0.0019,-14.0,0.095,16363,135.50645741070792,3091,60,0.0,-74
2398,1.0,0.0019,-14.0,0.095,16363,135.50645741070792,3091,0,0.0,0
2399,1.0,0.0019,-14.0,0.095,16375,135.50645741070792,3103,12,0.0,12
2400,1.0,0.0019,-14.0,0.095,16387,135.50645741070792,3093,12,0.0,-10
2401,1.0,0.0019,-14.0,0.095,16387,135.50645741070792,3093,0,0.0,0
2402,1.0,0.0019,-14.0,0.095,16387,135.50645741070792,3093,0,0.0,0
2403,1.0,0.0019,-14.0,0.095,16405,135.50645741070792,3075,18,0.0,-18
2404,1.0,0.0019,-14.0,0.095,16441,135.50645741070792,3101,36,0.0,26
2405,1.0,0.0019,-14.0,0.095,16453,135.50645741070792,3111,12,0.0,10
2406,1.0,0.0019,-14.0,0.095,16465,135.50645741070792,3111,12,0.0,0
2407,1.0,0.0019,-14.0,0.095,16531,136.40014662748717,3129,66,0.8936892167792507,18
2408,1.0,0.0019,-14.0,0.095,16531,136.40014662748717,3129,0,0.0,0
2409,1.0,0.0019,-14.0,0.095,16543,136.40014662748717,3141,12,0.0,12
2410,1.0,0.0019,-14.0,0.095,16555,136.40014662748717,3143,12,0.0,2
2411,1.0,0.0019,-14.0,0.095,16555,136.40014662748717,3143,0,0.0,0
2412,1.0,0.0019,-14.0,0.095,16555,136.40014662748717,3143,0,0.0,0
2413,1.0,0.0019,-14.0,0.095,16567,136.40014662748717,3153,12,0.0,10
2414,1.0,0.0019,-14.0,0.095,16579,136.40014662748717,3153,12,0.0,0
2415,1.0,0.0019,-14.0,0.095,16579,136.40014662748717,3153,0,0.0,0
2416,1.0,0.0019,-14.0,0.095,16591,136.40014662748717,3153,12,0.0,0
2417,1.0,0.0019,-14.0,0.095,16591,136.40014662748717,3153,0,0.0,0
2418,1.0,0.0019,-14.0,0.095,16603,136.40014662748717,3165,12,0.0,12
2419,1.0,0.0019,-14.0,0.095,16603,136.40014662748717,3165,0,0.0,0
2420,1.0,0.0019,-14.0,0.095,16603,136.40014662748717,3165,0,0.0,0
2421,1.0,0.0019,-14.0,0.095,16603,136.40014662748717,3165,0,0.0,0
2422,1.0,0.0019,-14.0,0.095,16615,136.40014662748717,3177,12,0.0,12
2423,1.0,0.0019,-14.0,0.095,16687,136.40014662748717,3241,72,0.0,64
2424,1.0,0.0019,-14.0,0.095,16687,136.40014662748717,3241,0,0.0,0
2425,1.0,0.0019,-14.0,0.095,16699,136.40014662748717,3253,12,0.0,12
2426,1.0,0.0019,-14.0,0.095,16723,136.40014662748717,3249,24,0.0,-4
2427,1.0,0.0019,-14.0,0.095,16741,137.7425134081704,3255,18,1.3423667806832214,6
2428,1.0,0.0019,-14.0,0.095,16753,137.7425134081704,3261,12,0.0,6
2429,1.0,0.0019,-14.0,0.095,16765,137.7425134081704,3265,12,0.0,4
2430,1.0,0.0019,-14.0,0.095,16765,137.7425134081704,3265,0,0.0,0
2431,1.0,0.0019,-14.0,0.095,16777,137.7425134081704,3275,12,0.0,10
2432,1.0,0.0019,-14.0,0.095,16777,137.7425134081704,3275,0,0.0,0
2433,1.0,0.0019,-14.0,0.095,16777,137.7425134081704,3275,0,0.0,0
2434,1.0,0.0019,-14.0,0.095,16813,137.7425134081704,3299,36,0.0,24
2435,1.0,0.0019,-14.0,0.095,16825,137.7425134081704,3299,12,0.0,0
2436,1.0,0.0019,-14.0,0.095,16825,137.7425134081704,3299,0,0.0,0
2437,1.0,0.0019,-14.0,0.095,16837,137.7425134081704,3301,12,0.0,2
2438,1.0,0.0019,-14.0,0.095,16837,137.7425134081704,3301,0,0.0,0
2439,1.0,0.0019,-14.0,0.095,16837,137.7425134081704,3301,0,0.0,0
2440,1.0,0.0019,-14.0,0.095,16837,137.7425134081704,3301,0,0.0,0
2441,1.0,0.0019,-14.0,0.095,16849,137.7425134081704,3277,12,0.0,-24
2442,1.0,0.0019,-14.0,0.095,16861,137.7425134081704,3253,12,0.0,-24
2443,1.0,0.0019,-14.0,0.095,16873,137.7425134081704,3265,12,0.0,12
2444,1.0,0.0019,-14.0,0.095,16885,137.7425134081704,3267,12,0.0,2
2445,1.0,0.0019,-14.0,0.095,16885,137.7425134081704,3267,0,0.0,0
2446,1.0,0.0019,-14.0,0.095,16885,137.7425134081704,3267,0,0.0,0
2447,1.0,0.0019,-14.0,0.095,16915,138.63621460498698,3285,30,0.8937011968165791,18
2448,1.0,0.0019,-14.0,0.095,16927,138.63621460498698,3291,12,0.0,6
2449,1.0,0.0019,-14.0,0.095,16939,138.63621460498698,3271,12,0.0,-20
2450,1.0,0.0019,-14.0,0.095,16939,138.63621460498698,3271,0,0.0,0
2451,1.0,0.0019,-14.0,0.095,16963,138.63621460498698,3293,24,0.0,22
2452,1.0,0.0019,-14.0,0.095,16963,138.63621460498698,3293,0,0.0,0
2453,1.0,0.0019,-14.0,0.095,16975,138.63621460498698,3303,12,0.0,10
2454,1.0,0.0019,-14.0,0.095,16975,138.63621460498698,3303,0,0.0,0
2455,1.0,0.0019,-14.0,0.095,16987,138.63621460498698,3305,12,0.0,2
2456,1.0,0.0019,-14.0,0.095,16999,138.63621460498698,3305,12,0.0,0
2457,1.0,0.0019,-14.0,0.095,16999,138.63621460498698,3305,0,0.0,0
2458,1.0,0.0019,-14.0,0.095,16999,138.63621460498698,3305,0,0.0,0
2459,1.0,0.0019,-14.0,0.095,17023,138.63621460498698,3281,24,0.0,-24
2460,1.0,0.0019,-14.0,0.095,17035,138.63621460498698,3293,12,0.0,12
2461,1.0,0.0019,-14.0,0.095,17035,138.63621460498698,3293,0,0.0,0
2462,1.0,0.0019,-14.0,0.095,17059,138.63621460498698,3281,24,0.0,-12
2463,1.0,0.0019,-14.0,0.095,17071,138.63621460498698,3285,12,0.0,4
2464,1.0,0.0019,-14.0,0.095,17119,138.63621460498698,3281,48,0.0,-4
2465,1.0,0.0019,-14.0,0.095,17191,138.63621460498698,3301,72,0.0,20
2466,1.0,0.0019,-14.0,0.095,17203,138.63621460498698,3305,12,0.0,4
2467,1.0,0.0019,-14.0,0.095,17245,139.97856978837868,3341,42,1.3423551833917031,36
2468,1.0,0.0019,-14.0,0.095,17281,139.97856978837868,3365,36,0.0,24
2469,1.0,0.0019,-14.0,0.095,17293,139.97856978837868,3375,12,0.0,10
2470,1.0,0.0019,-14.0,0.095,17317,139.97856978837868,3373,24,0.0,-2
2471,1.0,0.0019,-14.0,0.095,17317,139.97856978837868,3373,0,0.0,0
2472,1.0,0.0019,-14.0,0.095,17317,139.97856978837868,3373,0,0.0,0
2473,1.0,0.0019,-14.0,0.095,17329,139.97856978837868,3385,12,0.0,12
2474,1.0,0.0019,-14.0,0.095,17341,139.97856978837868,3397,12,0.0,12
2475,1.0,0.0019,-14.0,0.095,17353,139.97856978837868,3409,12,0.0,12
2476,1.0,0.0019,-14.0,0.095,17377,139.97856978837868,3367,24,0.0,-42
2477,1.0,0.0019,-14.0,0.095,17389,139.97856978837868,3369,12,0.0,2
2478,1.0,0.0019,-14.0,0.095,17401,139.97856978837868,3379,12,0.0,10
2479,1.0,0.0019,-14.0,0.095,17449,139.97856978837868,3387,48,0.0,8
2480,1.0,0.0019,-14.0,0.095,17473,139.97856978837868,3399,24,0.0,12
2481,1.0,0.0019,-14.0,0.095,17473,139.97856978837868,3399,0,0.0,0
2482,1.0,0.0019,-14.0,0.095,17473,139.97856978837868,3399,0,0.0,0
2483,1.0,0.0019,-14.0,0.095,17497,139.97856978837868,3375,24,0.0,-24
2484,1.0,0.0019,-14.0,0.095,17497,139.97856978837868,3375,0,0.0,0
2485,1.0,0.0019,-14.0,0.095,17509,139.97856978837868,3379,12,0.0,4
2486,1.0,0.0019,-14.0,0.095,17509,139.97856978837868,3379,0,0.0,0
2487,1.0,0.0019,-14.0,0.095,17527,140.87228258248675,3361,18,0.8937127941080689,-18
2488,1.0,0.0019,-14.0,0.095,17551,140.87228258248675,3367,24,0.0,6
2489,1.0,0.0019,-14.0,0.095,17551,140.87228258248675,3367,0,0.0,0
2490,1.0,0.0019,-14.0,0.095,17575,140.87228258248675,3367,24,0.0,0
2491,1.0,0.0019,-14.0,0.095,17575,140.87228258248675,3367,0,0.0,0
2492,1.0,0.0019,-14.0,0.095,17599,140.87228258248675,3375,24,0.0,8
2493,1.0,0.0019,-14.0,0.095,17623,140.87228258248675,3375,24,0.0,0
2494,1.0,0.0019,-14.0,0.095,17623,140.87228258248675,3375,0,0.0,0
2495,1.0,0.0019,-14.0,0.095,17647,140.87228258248675,3399,24,0.0,24
2496,1.0,0.0019,-14.0,0.095,17671,140.87228258248675,3387,24,0.0,-12
2497,1.0,0.0019,-14.0,0.095,17707,140.87228258248675,3417,36,0.0,30
2498,1.0,0.0019,-14.0,0.095,17731,140.87228258248675,3393,24,0.0,-24
2499,1.0,0.0019,-14.0,0.095,17743,140.87228258248675,3403,12,0.0,10
2500,1.0,0.0019,-14.0,0.095,17755,140.87228258248675,3383,12,0.0,-20
2501,1.0,0.0019,-14.0,0.095,17767,140.87228258248675,3395,12,0.0,12
2502,1.0,0.0019,-14.0,0.095,17779,140.87228258248675,3397,12,0.0,2
2503,1.0,0.0019,-14.0,0.095,17791,140.87228258248675,3403,12,0.0,6
2504,1.0,0.0019,-14.0,0.095,17791,140.87228258248675,3403,0,0.0,0
2505,1.0,0.0019,-14.0,0.095,17803,140.87228258248675,3403,12,0.0,0
2506,1.0,0.0019,-14.0,0.095,17827,140.87228258248675,3391,24,0.0,-12
2507,1.0,0.0019,-14.0,0.095,17839,142.21462653327893,3401,12,1.3423439507921842,10
2508,1.0,0.0019,-14.0,0.095,17863,142.21462653327893,3407,24,0.0,6
2509,1.0,0.0019,-14.0,0.095,17887,142.21462653327893,3421,24,0.0,14
2510,1.0,0.0019,-14.0,0.095,17911,142.21462653327893,3431,24,0.0,10
2511,1.0,0.0019,-14.0,0.095,17923,142.21462653327893,3443,12,0.0,12
2512,1.0,0.0019,-14.0,0.095,17947,142.21462653327893,3451,24,0.0,8
2513,1.0,0.0019,-14.0,0.095,17947,142.21462653327893,3451,0,0.0,0
2514,1.0,0.0019,-14.0,0.095,17959,142.21462653327893,3461,12,0.0,10
2515,1.0,0.0019,-14.0,0.095,17959,142.21462653327893,3461,0,0.0,0
2516,1.0,0.0019,-14.0,0.095,17959,142.21462653327893,3461,0,0.0,0
2517,1.0,0.0019,-14.0,0.095,17959,142.21462653327893,3461,0,0.0,0
2518,1.0,0.0019,-14.0,0.095,17983,142.21462653327893,3445,24,0.0,-16
2519,1.0,0.0019,-14.0,0.095,17995,142.21462653327893,3457,12,0.0,12
2520,1.0,0.0019,-14.0,0.095,18019,142.21462653327893,3477,24,0.0,20
2521,1.0,0.0019,-14.0,0.095,18055,142.21462653327893,3501,36,0.0,24
2522,1.0,0.0019,-14.0,0.095,18091,142.21462653327893,3507,36,0.0,6
2523,1.0,0.0019,-14.0,0.095,18091,142.21462653327893,3507,0,0.0,0
2524,1.0,0.0019,-14.0,0.095,18139,142.21462653327893,3521,48,0.0,14
2525,1.0,0.0019,-14.0,0.095,18151,142.21462653327893,3533,12,0.0,12
2526,1.0,0.0019,-14.0,0.095,18151,142.21462653327893,3533,0,0.0,0
2527,1.0,0.0019,-14.0,0.095,18181,143.10835055998655,3545,30,0.8937240267076163,12
2528,1.0,0.0019,-14.0,0.095,18205,143.10835055998655,3545,24,0.0,0
2529,1.0,0.0019,-14.0,0.095,18205,143.10835055998655,3545,0,0.0,0
2530,1.0,0.0019,-14.0,0.095,18217,143.10835055998655,3557,12,0.0,12
2531,1.0,0.0019,-14.0,0.095,18229,143.10835055998655,3569,12,0.0,12
2532,1.0,0.0019,-14.0,0.095,18277,143.10835055998655,3595,48,0.0,26
2533,1.0,0.0019,-14.0,0.095,18301,143.10835055998655,3617,24,0.0,22
2534,1.0,0.0019,-14.0,0.095,18313,143.10835055998655,3593,12,0.0,-24
2535,1.0,0.0019,-14.0,0.095,18313,143.10835055998655,3593,0,0.0,0
2536,1.0,0.0019,-14.0,0.095,18325,143.10835055998655,3605,12,0.0,12
2537,1.0,0.0019,-14.0,0.095,18325,143.10835055998655,3605,0,0.0,0
2538,1.0,0.0019,-14.0,0.095,18325,143.10835055998655,3605,0,0.0,0
2539,1.0,0.0019,-14.0,0.095,18349,143.10835055998655,3607,24,0.0,2
2540,1.0,0.0019,-14.0,0.095,18361,143.10835055998655,3607,12,0.0,0
2541,1.0,0.0019,-14.0,0.095,18361,143.10835055998655,3607,0,0.0,0
2542,1.0,0.0019,-14.0,0.095,18373,143.10835055998655,3609,12,0.0,2
2543,1.0,0.0019,-14.0,0.095,18397,143.10835055998655,3605,24,0.0,-4
2544,1.0,0.0019,-14.0,0.095,18409,143.10835055998655,3585,12,0.0,-20
2545,1.0,0.0019,-14.0,0.095,18433,143.10835055998655,3545,24,0.0,-40
2546,1.0,0.0019,-14.0,0.095,18433,143.10835055998655,3545,0,0.0,0
2547,1.0,0.0019,-14.0,0.095,18439,144.4506836259351,3551,6,1.3423330659485657,6
2548,1.0,0.0019,-14.0,0.095,18463,144.4506836259351,3545,24,0.0,-6
2549,1.0,0.0019,-14.0,0.095,18487,144.4506836259351,3545,24,0.0,0
2550,1.0,0.0019,-14.0,0.095,18487,144.4506836259351,3545,0,0.0,0
2551,1.0,0.0019,-14.0,0.095,18499,144.4506836259351,3541,12,0.0,-4
2552,1.0,0.0019,-14.0,0.095,18499,144.4506836259351,3541,0,0.0,0
2553,1.0,0.0019,-14.0,0.095,18523,144.4506836259351,3543,24,0.0,2
2554,1.0,0.0019,-14.0,0.095,18523,144.4506836259351,3543,0,0.0,0
2555,1.0,0.0019,-14.0,0.095,18547,144.4506836259351,3555,24,0.0,12
2556,1.0,0.0019,-14.0,0.095,18559,144.4506836259351,3567,12,0.0,12
2557,1.0,0.0019,-14.0,0.095,18571,144.4506836259351,3563,12,0.0,-4
2558,1.0,0.0019,-14.0,0.095,18595,144.4506836259351,3557,24,0.0,-6
2559,1.0,0.0019,-14.0,0.095,18619,144.4506836259351,3569,24,0.0,12
2560,1.0,0.0019,-14.0,0.095,18631,144.4506836259351,3581,12,0.0,12
2561,1.0,0.0019,-14.0,0.095,18631,144.4506836259351,3581,0,0.0,0
2562,1.0,0.0019,-14.0,0.095,18631,144.4506836259351,3581,0,0.0,0
2563,1.0,0.0019,-14.0,0.095,18643,144.4506836259351,3591,12,0.0,10
2564,1.0,0.0019,-14.0,0.095,18655,144.4506836259351,3591,12,0.0,0
2565,1.0,0.0019,-14.0,0.095,18679,144.4506836259351,3613,24,0.0,22
2566,1.0,0.0019,-14.0,0.095,18703,144.4506836259351,3605,24,0.0,-8
2567,1.0,0.0019,-14.0,0.095,18721,145.34441853748632,3587,18,0.8937349115512063,-18
2568,1.0,0.0019,-14.0,0.095,18781,145.34441853748632,3615,60,0.0,28
2569,1.0,0.0019,-14.0,0.095,18793,145.34441853748632,3627,12,0.0,12
2570,1.0,0.0019,-14.0,0.095,18805,145.34441853748632,3639,12,0.0,12
2571,1.0,0.0019,-14.0,0.095,18805,145.34441853748632,3639,0,0.0,0
2572,1.0,0.0019,-14.0,0.095,18841,145.34441853748632,3629,36,0.0,-10
2573,1.0,0.0019,-14.0,0.095,18865,145.34441853748632,3633,24,0.0,4
2574,1.0,0.0019,-14.0,0.095,18865,145.34441853748632,3633,0,0.0,0
2575,1.0,0.0019,-14.0,0.095,18877,145.34441853748632,3609,12,0.0,-24
2576,1.0,0.0019,-14.0,0.095,18889,145.34441853748632,3611,12,0.0,2
2577,1.0,0.0019,-14.0,0.095,18901,145.34441853748632,3623,12,0.0,12
2578,1.0,0.0019,-14.0,0.095,18901,145.34441853748632,3623,0,0.0,0
2579,1.0,0.0019,-14.0,0.095,18925,145.34441853748632,3611,24,0.0,-12
2580,1.0,0.0019,-14.0,0.095,18925,145.34441853748632,3611,0,0.0,0
2581,1.0,0.0019,-14.0,0.095,18949,145.34441853748632,3627,24,0.0,16
2582,1.0,0.0019,-14.0,0.095,18961,145.34441853748632,3639,12,0.0,12
2583,1.0,0.0019,-14.0,0.095,18973,145.34441853748632,3627,12,0.0,-12
2584,1.0,0.0019,-14.0,0.095,18997,145.34441853748632,3631,24,0.0,4
2585,1.0,0.0019,-14.0,0.095,19021,145.34441853748632,3619,24,0.0,-12
2586,1.0,0.0019,-14.0,0.095,19045,145.34441853748632,3619,24,0.0,0
2587,1.0,0.0019,-14.0,0.095,19063,146.68674105044394,3631,18,1.3423225129576224,12
2588,1.0,0.0019,-14.0,0.095,19087,146.68674105044394,3643,24,0.0,12
2589,1.0,0.0019,-14.0,0.095,19099,146.68674105044394,3609,12,0.0,-34
2590,1.0,0.0019,-14.0,0.095,19111,146.68674105044394,3621,12,0.0,12
2591,1.0,0.0019,-14.0,0.095,19147,146.68674105044394,3631,36,0.0,10
2592,1.0,0.0019,-14.0,0.095,19147,146.68674105044394,3631,0,0.0,0
2593,1.0,0.0019,-14.0,0.095,19159,146.68674105044394,3641,12,0.0,10
2594,1.0,0.0019,-14.0,0.095,19195,146.68674105044394,3573,36,0.0,-68
2595,1.0,0.0019,-14.0,0.095,19219,146.68674105044394,3573,24,0.0,0
2596,1.0,0.0019,-14.0,0.095,19243,146.68674105044394,3571,24,0.0,-2
2597,1.0,0.0019,-14.0,0.095,19279,146.68674105044394,3579,36,0.0,8
2598,1.0,0.0019,-14.0,0.095,19303,146.68674105044394,3595,24,0.0,16
2599,1.0,0.0019,-14.0,0.095,19327,146.68674105044394,3603,24,0.0,8
2600,1.0,0.0019,-14.0,0.095,19351,146.68674105044394,3601,24,0.0,-2
2601,1.0,0.0019,-14.0,0.095,19363,146.68674105044394,3579,12,0.0,-22
2602,1.0,0.0019,-14.0,0.095,19375,146.68674105044394,3575,12,0.0,-4
2603,1.0,0.0019,-14.0,0.095,19387,146.68674105044394,3585,12,0.0,10
2604,1.0,0.0019,-14.0,0.095,19399,146.68674105044394,3585,12,0.0,0
2605,1.0,0.0019,-14.0,0.095,19411,146.68674105044394,3597,12,0.0,12
2606,1.0,0.0019,-14.0,0.095,19435,146.68674105044394,3597,24,0.0,0
2607,1.0,0.0019,-14.0,0.095,19453,147.58048651498612,3603,18,0.8937454645421781,6
2608,1.0,0.0019,-14.0,0.095,19477,147.58048651498612,3609,24,0.0,6
2609,1.0,0.0019,-14.0,0.095,19477,147.58048651498612,3609,0,0.0,0
2610,1.0,0.0019,-14.0,0.095,19489,147.58048651498612,3609,12,0.0,0
2611,1.0,0.0019,-14.0,0.095,19501,147.58048651498612,3621,12,0.0,12
2612,1.0,0.0019,-14.0,0.095,19549,147.58048651498612,3623,48,0.0,2
2613,1.0,0.0019,-14.0,0.095,19561,147.58048651498612,3623,12,0.0,0
2614,1.0,0.0019,-14.0,0.095,19585,147.58048651498612,3603,24,0.0,-20
2615,1.0,0.0019,-14.0,0.095,19633,147.58048651498612,3617,48,0.0,14
2616,1.0,0.0019,-14.0,0.095,19681,147.58048651498612,3629,48,0.0,12
2617,1.0,0.0019,-14.0,0.095,19693,147.58048651498612,3641,12,0.0,12
2618,1.0,0.0019,-14.0,0.095,19693,147.58048651498612,3641,0,0.0,0
2619,1.0,0.0019,-14.0,0.095,19693,147.58048651498612,3641,0,0.0,0
2620,1.0,0.0019,-14.0,0.095,19693,147.58048651498612,3641,0,0.0,0
2621,1.0,0.0019,-14.0,0.095,19693,147.58048651498612,3641,0,0.0,0
2622,1.0,0.0019,-14.0,0.095,19693,147.58048651498612,3641,0,0.0,0
2623,1.0,0.0019,-14.0,0.095,19717,147.58048651498612,3653,24,0.0,12
2624,1.0,0.0019,-14.0,0.095,19753,147.58048651498612,3599,36,0.0,-54
2625,1.0,0.0019,-14.0,0.095,19765,147.58048651498612,3603,12,0.0,4
2626,1.0,0.0019,-14.0,0.095,19813,147.58048651498612,3641,48,0.0,38
2627,1.0,0.0019,-14.0,0.095,19831,148.92279879185725,3643,18,1.3423122768711266,2
2628,1.0,0.0019,-14.0,0.095,19879,148.92279879185725,3663,48,0.0,20
2629,1.0,0.0019,-14.0,0.095,19903,148.92279879185725,3659,24,0.0,-4
2630,1.0,0.0019,-14.0,0.095,19903,148.92279879185725,3659,0,0.0,0
2631,1.0,0.0019,-14.0,0.095,19927,148.92279879185725,3651,24,0.0,-8
2632,1.0,0.0019,-14.0,0.095,19963,148.92279879185725,3663,36,0.0,12
2633,1.0,0.0019,-14.0,0.095,19963,148.92279879185725,3663,0,0.0,0
2634,1.0,0.0019,-14.0,0.095,20011,148.92279879185725,3645,48,0.0,-18
2635,1.0,0.0019,-14.0,0.095,20023,148.92279879185725,3637,12,0.0,-8
2636,1.0,0.0019,-14.0,0.095,20023,148.92279879185725,3637,0,0.0,0
2637,1.0,0.0019,-14.0,0.095,20047,148.92279879185725,3625,24,0.0,-12
2638,1.0,0.0019,-14.0,0.095,20071,148.92279879185725,3597,24,0.0,-28
2639,1.0,0.0019,-14.0,0.095,20095,148.92279879185725,3593,24,0.0,-4
2640,1.0,0.0019,-14.0,0.095,20119,148.92279879185725,3595,24,0.0,2
2641,1.0,0.0019,-14.0,0.095,20119,148.92279879185725,3595,0,0.0,0
2642,1.0,0.0019,-14.0,0.095,20143,148.92279879185725,3591,24,0.0,-4
2643,1.0,0.0019,-14.0,0.095,20155,148.92279879185725,3591,12,0.0,0
2644,1.0,0.0019,-14.0,0.095,20215,148.92279879185725,3605,60,0.0,14
2645,1.0,0.0019,-14.0,0.095,20215,148.92279879185725,3605,0,0.0,0
2646,1.0,0.0019,-14.0,0.095,20239,148.92279879185725,3605,24,0.0,0
2647,1.0,0.0019,-14.0,0.095,20269,149.81655449248592,3615,30,0.8937557006286738,10
2648,1.0,0.0019,-14.0,0.095,20305,149.81655449248592,3597,36,0.0,-18
2649,1.0,0.0019,-14.0,0.095,20329,149.81655449248592,3609,24,0.0,12
2650,1.0,0.0019,-14.0,0.095,20365,149.81655449248592,3583,36,0.0,-26
2651,1.0,0.0019,-14.0,0.095,20401,149.81655449248592,3577,36,0.0,-6
2652,1.0,0.0019,-14.0,0.095,20401,149.81655449248592,3577,0,0.0,0
2653,1.0,0.0019,-14.0,0.095,20437,149.81655449248592,3587,36,0.0,10
2654,1.0,0.0019,-14.0,0.095,20443,149.81655449248592,3569,6,0.0,-18
2655,1.0,0.0019,-14.0,0.095,20467,149.81655449248592,3563,24,0.0,-6
2656,1.0,0.0019,-14.0,0.095,20479,149.81655449248592,3575,12,0.0,12
2657,1.0,0.0019,-14.0,0.095,20479,149.81655449248592,3575,0,0.0,0
2658,1.0,0.0019,-14.0,0.095,20515,149.81655449248592,3587,36,0.0,12
2659,1.0,0.0019,-14.0,0.095,20527,149.81655449248592,3599,12,0.0,12
2660,1.0,0.0019,-14.0,0.095,20527,149.81655449248592,3599,0,0.0,0
2661,1.0,0.0019,-14.0,0.095,20551,149.81655449248592,3613,24,0.0,14
2662,1.0,0.0019,-14.0,0.095,20551,149.81655449248592,3613,0,0.0,0
2663,1.0,0.0019,-14.0,0.095,20611,149.81655449248592,3673,60,0.0,60
2664,1.0,0.0019,-14.0,0.095,20611,149.81655449248592,3673,0,0.0,0
2665,1.0,0.0019,-14.0,0.095,20623,149.81655449248592,3685,12,0.0,12
2666,1.0,0.0019,-14.0,0.095,20635,149.81655449248592,3685,12,0.0,0
2667,1.0,0.0019,-14.0,0.095,20641,151.15885683611134,3691,6,1.3423023436254198,6
2668,1.0,0.0019,-14.0,0.095,20653,151.15885683611134,3697,12,0.0,6
2669,1.0,0.0019,-14.0,0.095,20653,151.15885683611134,3697,0,0.0,0
2670,1.0,0.0019,-14.0,0.095,20653,151.15885683611134,3697,0,0.0,0
2671,1.0,0.0019,-14.0,0.095,20653,151.15885683611134,3697,0,0.0,0
2672,1.0,0.0019,-14.0,0.095,20665,151.15885683611134,3689,12,0.0,-8
2673,1.0,0.0019,-14.0,0.095,20677,151.15885683611134,3689,12,0.0,0
2674,1.0,0.0019,-14.0,0.095,20689,151.15885683611134,3689,12,0.0,0
2675,1.0,0.0019,-14.0,0.095,20689,151.15885683611134,3689,0,0.0,0
2676,1.0,0.0019,-14.0,0.095,20689,151.15885683611134,3689,0,0.0,0
2677,1.0,0.0019,-14.0,0.095,20689,151.15885683611134,3689,0,0.0,0
2678,1.0,0.0019,-14.0,0.095,20689,151.15885683611134,3689,0,0.0,0
2679,1.0,0.0019,-14.0,0.095,20713,151.15885683611134,3669,24,0.0,-20
2680,1.0,0.0019,-14.0,0.095,20713,151.15885683611134,3669,0,0.0,0
2681,1.0,0.0019,-14.0,0.095,20725,151.15885683611134,3645,12,0.0,-24
2682,1.0,0.0019,-14.0,0.095,20761,151.15885683611134,3643,36,0.0,-2
2683,1.0,0.0019,-14.0,0.095,20773,151.15885683611134,3655,12,0.0,12
2684,1.0,0.0019,-14.0,0.095,20773,151.15885683611134,3655,0,0.0,0
2685,1.0,0.0019,-14.0,0.095,20797,151.15885683611134,3667,24,0.0,12
2686,1.0,0.0019,-14.0,0.095,20797,151.15885683611134,3667,0,0.0,0
2687,1.0,0.0019,-14.0,0.095,20875,152.0526224699857,3669,78,0.8937656338743523,2
2688,1.0,0.0019,-14.0,0.095,20899,152.0526224699857,3679,24,0.0,10
2689,1.0,0.0019,-14.0,0.095,20923,152.0526224699857,3661,24,0.0,-18
2690,1.0,0.0019,-14.0,0.095,20923,152.0526224699857,3661,0,0.0,0
2691,1.0,0.0019,-14.0,0.095,20947,152.0526224699857,3683,24,0.0,22
2692,1.0,0.0019,-14.0,0.095,20947,152.0526224699857,3683,0,0.0,0
2693,1.0,0.0019,-14.0,0.095,20971,152.0526224699857,3695,24,0.0,12
2694,1.0,0.0019,-14.0,0.095,20971,152.0526224699857,3695,0,0.0,0
2695,1.0,0.0019,-14.0,0.095,20971,152.0526224699857,3695,0,0.0,0
2696,1.0,0.0019,-14.0,0.095,20983,152.0526224699857,3695,12,0.0,0
2697,1.0,0.0019,-14.0,0.095,20995,152.0526224699857,3697,12,0.0,2
2698,1.0,0.0019,-14.0,0.095,21007,152.0526224699857,3707,12,0.0,10
2699,1.0,0.0019,-14.0,0.095,21007,152.0526224699857,3707,0,0.0,0
2700,1.0,0.0019,-14.0,0.095,21019,152.0526224699857,3711,12,0.0,4
2701,1.0,0.0019,-14.0,0.095,21019,152.0526224699857,3711,0,0.0,0
2702,1.0,0.0019,-14.0,0.095,21067,152.0526224699857,3699,48,0.0,-12
2703,1.0,0.0019,-14.0,0.095,21079,152.0526224699857,3703,12,0.0,4
2704,1.0,0.0019,-14.0,0.095,21115,152.0526224699857,3695,36,0.0,-8
2705,1.0,0.0019,-14.0,0.095,21175,152.0526224699857,3701,60,0.0,6
2706,1.0,0.0019,-14.0,0.095,21175,152.0526224699857,3701,0,0.0,0
2707,1.0,0.0019,-14.0,0.095,21253,153.39491516996253,3759,78,1.3422926999768379,58
2708,1.0,0.0019,-14.0,0.095,21289,153.39491516996253,3781,36,0.0,22
2709,1.0,0.0019,-14.0,0.095,21289,153.39491516996253,3781,0,0.0,0
2710,1.0,0.0019,-14.0,0.095,21301,153.39491516996253,3779,12,0.0,-2
2711,1.0,0.0019,-14.0,0.095,21313,153.39491516996253,3779,12,0.0,0
2712,1.0,0.0019,-14.0,0.095,21325,153.39491516996253,3775,12,0.0,-4
2713,1.0,0.0019,-14.0,0.095,21361,153.39491516996253,3791,36,0.0,16
2714,1.0,0.0019,-14.0,0.095,21385,153.39491516996253,3815,24,0.0,24
2715,1.0,0.0019,-14.0,0.095,21409,153.39491516996253,3827,24,0.0,12
2716,1.0,0.0019,-14.0,0.095,21457,153.39491516996253,3793,48,0.0,-34
2717,1.0,0.0019,-14.0,0.095,21469,153.39491516996253,3793,12,0.0,0
2718,1.0,0.0019,-14.0,0.095,21469,153.39491516996253,3793,0,0.0,0
2719,1.0,0.0019,-14.0,0.095,21505,153.39491516996253,3783,36,0.0,-10
2720,1.0,0.0019,-14.0,0.095,21517,153.39491516996253,3783,12,0.0,0
2721,1.0,0.0019,-14.0,0.095,21529,153.39491516996253,3763,12,0.0,-20
2722,1.0,0.0019,-14.0,0.095,21529,153.39491516996253,3763,0,0.0,0
2723,1.0,0.0019,-14.0,0.095,21553,153.39491516996253,3777,24,0.0,14
2724,1.0,0.0019,-14.0,0.095,21565,153.39491516996253,3789,12,0.0,12
2725,1.0,0.0019,-14.0,0.095,21565,153.39491516996253,3789,0,0.0,0
2726,1.0,0.0019,-14.0,0.095,21589,153.39491516996253,3797,24,0.0,8
2727,1.0,0.0019,-14.0,0.095,21607,154.2886904474855,3803,18,0.8937752775229626,6
2728,1.0,0.0019,-14.0,0.095,21619,154.2886904474855,3809,12,0.0,6
2729,1.0,0.0019,-14.0,0.095,21643,154.2886904474855,3819,24,0.0,10
2730,1.0,0.0019,-14.0,0.095,21655,154.2886904474855,3827,12,0.0,8
2731,1.0,0.0019,-14.0,0.095,21667,154.2886904474855,3829,12,0.0,2
2732,1.0,0.0019,-14.0,0.095,21667,154.2886904474855,3829,0,0.0,0
2733,1.0,0.0019,-14.0,0.095,21679,154.2886904474855,3829,12,0.0,0
2734,1.0,0.0019,-14.0,0.095,21679,154.2886904474855,3829,0,0.0,0
2735,1.0,0.0019,-14.0,0.095,21715,154.2886904474855,3833,36,0.0,4
2736,1.0,0.0019,-14.0,0.095,21727,154.2886904474855,3845,12,0.0,12
2737,1.0,0.0019,-14.0,0.095,21763,154.2886904474855,3843,36,0.0,-2
2738,1.0,0.0019,-14.0,0.095,21787,154.2886904474855,3819,24,0.0,-24
2739,1.0,0.0019,-14.0,0.095,21811,154.2886904474855,3829,24,0.0,10
2740,1.0,0.0019,-14.0,0.095,21811,154.2886904474855,3829,0,0.0,0
2741,1.0,0.0019,-14.0,0.095,21847,154.2886904474855,3819,36,0.0,-10
2742,1.0,0.0019,-14.0,0.095,21895,154.2886904474855,3809,48,0.0,-10
2743,1.0,0.0019,-14.0,0.095,21907,154.2886904474855,3815,12,0.0,6
2744,1.0,0.0019,-14.0,0.095,21931,154.2886904474855,3829,24,0.0,14
2745,1.0,0.0019,-14.0,0.095,21931,154.2886904474855,3829,0,0.0,0
2746,1.0,0.0019,-14.0,0.095,21943,154.2886904474855,3841,12,0.0,12
2747,1.0,0.0019,-14.0,0.095,21949,155.63097378092831,3847,6,1.342283333442822,6
2748,1.0,0.0019,-14.0,0.095,21973,155.63097378092831,3853,24,0.0,6
2749,1.0,0.0019,-14.0,0.095,21973,155.63097378092831,3853,0,0.0,0
2750,1.0,0.0019,-14.0,0.095,21997,155.63097378092831,3851,24,0.0,-2
2751,1.0,0.0019,-14.0,0.095,22033,155.63097378092831,3877,36,0.0,26
2752,1.0,0.0019,-14.0,0.095,22045,155.63097378092831,3889,12,0.0,12
2753,1.0,0.0019,-14.0,0.095,22069,155.63097378092831,3881,24,0.0,-8
2754,1.0,0.0019,-14.0,0.095,22093,155.63097378092831,3891,24,0.0,10
2755,1.0,0.0019,-14.0,0.095,22105,155.63097378092831,3895,12,0.0,4
2756,1.0,0.0019,-14.0,0.095,22141,155.63097378092831,3899,36,0.0,4
2757,1.0,0.0019,-14.0,0.095,22141,155.63097378092831,3899,0,0.0,0
2758,1.0,0.0019,-14.0,0.095,22165,155.63097378092831,3879,24,0.0,-20
2759,1.0,0.0019,-14.0,0.095,22165,155.63097378092831,3879,0,0.0,0
2760,1.0,0.0019,-14.0,0.095,22201,155.63097378092831,3899,36,0.0,20
2761,1.0,0.0019,-14.0,0.095,22225,155.63097378092831,3923,24,0.0,24
2762,1.0,0.0019,-14.0,0.095,22261,155.63097378092831,3929,36,0.0,6
2763,1.0,0.0019,-14.0,0.095,22273,155.63097378092831,3929,12,0.0,0
2764,1.0,0.0019,-14.0,0.095,22297,155.63097378092831,3933,24,0.0,4
2765,1.0,0.0019,-14.0,0.095,22321,155.63097378092831,3945,24,0.0,12
2766,1.0,0.0019,-14.0,0.095,22333,155.63097378092831,3957,12,0.0,12
2767,1.0,0.0019,-14.0,0.095,22351,156.52475842498527,3969,18,0.8937846440569501,12
2768,1.0,0.0019,-14.0,0.095,22363,156.52475842498527,3969,12,0.0,0
2769,1.0,0.0019,-14.0,0.095,22375,156.52475842498527,3969,12,0.0,0
2770,1.0,0.0019,-14.0,0.095,22411,156.52475842498527,4005,36,0.0,36
2771,1.0,0.0019,-14.0,0.095,22471,156.52475842498527,4021,60,0.0,16
2772,1.0,0.0019,-14.0,0.095,22483,156.52475842498527,4017,12,0.0,-4
2773,1.0,0.0019,-14.0,0.095,22483,156.52475842498527,4017,0,0.0,0
2774,1.0,0.0019,-14.0,0.095,22495,156.52475842498527,3993,12,0.0,-24
2775,1.0,0.0019,-14.0,0.095,22519,156.52475842498527,3997,24,0.0,4
2776,1.0,0.0019,-14.0,0.095,22531,156.52475842498527,4009,12,0.0,12
2777,1.0,0.0019,-14.0,0.095,22531,156.52475842498527,4009,0,0.0,0
2778,1.0,0.0019,-14.0,0.095,22543,156.52475842498527,4011,12,0.0,2
2779,1.0,0.0019,-14.0,0.095,22543,156.52475842498527,4011,0,0.0,0
2780,1.0,0.0019,-14.0,0.095,22543,156.52475842498527,4011,0,0.0,0
2781,1.0,0.0019,-14.0,0.095,22543,156.52475842498527,4011,0,0.0,0
2782,1.0,0.0019,-14.0,0.095,22543,156.52475842498527,4011,0,0.0,0
2783,1.0,0.0019,-14.0,0.095,22543,156.52475842498527,4011,0,0.0,0
2784,1.0,0.0019,-14.0,0.095,22543,156.52475842498527,4011,0,0.0,0
2785,1.0,0.0019,-14.0,0.095,22555,156.52475842498527,3991,12,0.0,-20
2786,1.0,0.0019,-14.0,0.095,22555,156.52475842498527,3991,0,0.0,0
2787,1.0,0.0019,-14.0,0.095,22573,157.8670326572334,3999,18,1.342274232248144,8
2788,1.0,0.0019,-14.0,0.095,22609,157.8670326572334,3997,36,0.0,-2
2789,1.0,0.0019,-14.0,0.095,22657,157.8670326572334,3997,48,0.0,0
2790,1.0,0.0019,-14.0,0.095,22657,157.8670326572334,3997,0,0.0,0
2791,1.0,0.0019,-14.0,0.095,22681,157.8670326572334,3993,24,0.0,-4
2792,1.0,0.0019,-14.0,0.095,22681,157.8670326572334,3993,0,0.0,0
2793,1.0,0.0019,-14.0,0.095,22705,157.8670326572334,3993,24,0.0,0
2794,1.0,0.0019,-14.0,0.095,22717,157.8670326572334,3993,12,0.0,0
2795,1.0,0.0019,-14.0,0.095,22753,157.8670326572334,4025,36,0.0,32
2796,1.0,0.0019,-14.0,0.095,22789,157.8670326572334,4041,36,0.0,16
2797,1.0,0.0019,-14.0,0.095,22801,157.8670326572334,4053,12,0.0,12
2798,1.0,0.0019,-14.0,0.095,22825,157.8670326572334,4017,24,0.0,-36
2799,1.0,0.0019,-14.0,0.095,22849,157.8670326572334,4031,24,0.0,14
2800,1.0,0.0019,-14.0,0.095,22861,157.8670326572334,4043,12,0.0,12
2801,1.0,0.0019,-14.0,0.095,22867,157.8670326572334,4025,6,0.0,-18
2802,1.0,0.0019,-14.0,0.095,22879,157.8670326572334,4033,12,0.0,8
2803,1.0,0.0019,-14.0,0.095,22879,157.8670326572334,4033,0,0.0,0
2804,1.0,0.0019,-14.0,0.095,22903,157.8670326572334,4037,24,0.0,4
2805,1.0,0.0019,-14.0,0.095,22903,157.8670326572334,4037,0,0.0,0
2806,1.0,0.0019,-14.0,0.095,22927,157.8670326572334,4033,24,0.0,-4
2807,1.0,0.0019,-14.0,0.095,22933,158.76082640248507,4039,6,0.8937937452516564,6
2808,1.0,0.0019,-14.0,0.095,22981,158.76082640248507,4055,48,0.0,16
2809,1.0,0.0019,-14.0,0.095,23017,158.76082640248507,4083,36,0.0,28
2810,1.0,0.0019,-14.0,0.095,23029,158.76082640248507,4095,12,0.0,12
2811,1.0,0.0019,-14.0,0.095,23041,158.76082640248507,4105,12,0.0,10
2812,1.0,0.0019,-14.0,0.095,23065,158.76082640248507,4093,24,0.0,-12
2813,1.0,0.0019,-14.0,0.095,23089,158.76082640248507,4093,24,0.0,0
2814,1.0,0.0019,-14.0,0.095,23089,158.76082640248507,4093,0,0.0,0
2815,1.0,0.0019,-14.0,0.095,23089,158.76082640248507,4093,0,0.0,0
2816,1.0,0.0019,-14.0,0.095,23113,158.76082640248507,4103,24,0.0,10
2817,1.0,0.0019,-14.0,0.095,23149,158.76082640248507,4115,36,0.0,12
2818,1.0,0.0019,-14.0,0.095,23149,158.76082640248507,4115,0,0.0,0
2819,1.0,0.0019,-14.0,0.095,23161,158.76082640248507,4103,12,0.0,-12
2820,1.0,0.0019,-14.0,0.095,23173,158.76082640248507,4105,12,0.0,2
2821,1.0,0.0019,-14.0,0.095,23173,158.76082640248507,4105,0,0.0,0
2822,1.0,0.0019,-14.0,0.095,23185,158.76082640248507,4117,12,0.0,12
2823,1.0,0.0019,-14.0,0.095,23197,158.76082640248507,4117,12,0.0,0
2824,1.0,0.0019,-14.0,0.095,23233,158.76082640248507,4133,36,0.0,16
2825,1.0,0.0019,-14.0,0.095,23257,158.76082640248507,4155,24,0.0,22
2826,1.0,0.0019,-14.0,0.095,23281,158.76082640248507,4155,24,0.0,0
2827,1.0,0.0019,-14.0,0.095,23299,160.1030917877603,4167,18,1.3422653852752262,12
2828,1.0,0.0019,-14.0,0.095,23323,160.1030917877603,4189,24,0.0,22
2829,1.0,0.0019,-14.0,0.095,23335,160.1030917877603,4191,12,0.0,2
2830,1.0,0.0019,-14.0,0.095,23347,160.1030917877603,4203,12,0.0,12
2831,1.0,0.0019,-14.0,0.095,23383,160.1030917877603,4213,36,0.0,10
2832,1.0,0.0019,-14.0,0.095,23395,160.1030917877603,4217,12,0.0,4
2833,1.0,0.0019,-14.0,0.095,23419,160.1030917877603,4195,24,0.0,-22
2834,1.0,0.0019,-14.0,0.095,23431,160.1030917877603,4205,12,0.0,10
2835,1.0,0.0019,-14.0,0.095,23455,160.1030917877603,4213,24,0.0,8
2836,1.0,0.0019,-14.0,0.095,23479,160.1030917877603,4187,24,0.0,-26
2837,1.0,0.0019,-14.0,0.095,23491,160.1030917877603,4199,12,0.0,12
2838,1.0,0.0019,-14.0,0.095,23539,160.1030917877603,4211,48,0.0,12
2839,1.0,0.0019,-14.0,0.095,23551,160.1030917877603,4207,12,0.0,-4
2840,1.0,0.0019,-14.0,0.095,23551,160.1030917877603,4207,0,0.0,0
2841,1.0,0.0019,-14.0,0.095,23563,160.1030917877603,4185,12,0.0,-22
2842,1.0,0.0019,-14.0,0.095,23575,160.1030917877603,4181,12,0.0,-4
2843,1.0,0.0019,-14.0,0.095,23575,160.1030917877603,4181,0,0.0,0
2844,1.0,0.0019,-14.0,0.095,23587,160.1030917877603,4175,12,0.0,-6
2845,1.0,0.0019,-14.0,0.095,23599,160.1030917877603,4187,12,0.0,12
2846,1.0,0.0019,-14.0,0.095,23623,160.1030917877603,4189,24,0.0,2
2847,1.0,0.0019,-14.0,0.095,23653,160.99689437998487,4199,30,0.8938025922245743,10
2848,1.0,0.0019,-14.0,0.095,23671,160.99689437998487,4187,18,0.0,-12
2849,1.0,0.0019,-14.0,0.095,23683,160.99689437998487,4197,12,0.0,10
2850,1.0,0.0019,-14.0,0.095,23707,160.99689437998487,4185,24,0.0,-12
2851,1.0,0.0019,-14.0,0.095,23755,160.99689437998487,4211,48,0.0,26
2852,1.0,0.0019,-14.0,0.095,23779,160.99689437998487,4213,24,0.0,2
2853,1.0,0.0019,-14.0,0.095,23815,160.99689437998487,4223,36,0.0,10
2854,1.0,0.0019,-14.0,0.095,23839,160.99689437998487,4231,24,0.0,8
2855,1.0,0.0019,-14.0,0.095,23839,160.99689437998487,4231,0,0.0,0
2856,1.0,0.0019,-14.0,0.095,23923,160.99689437998487,4255,84,0.0,24
2857,1.0,0.0019,-14.0,0.095,23935,160.99689437998487,4267,12,0.0,12
2858,1.0,0.0019,-14.0,0.095,23947,160.99689437998487,4267,12,0.0,0
2859,1.0,0.0019,-14.0,0.095,23947,160.99689437998487,4267,0,0.0,0
2860,1.0,0.0019,-14.0,0.095,23947,160.99689437998487,4267,0,0.0,0
2861,1.0,0.0019,-14.0,0.095,23983,160.99689437998487,4271,36,0.0,4
2862,1.0,0.0019,-14.0,0.095,23995,160.99689437998487,4283,12,0.0,12
2863,1.0,0.0019,-14.0,0.095,24007,160.99689437998487,4263,12,0.0,-20
2864,1.0,0.0019,-14.0,0.095,24055,160.99689437998487,4211,48,0.0,-52
2865,1.0,0.0019,-14.0,0.095,24055,160.99689437998487,4211,0,0.0,0
2866,1.0,0.0019,-14.0,0.095,24067,160.99689437998487,4223,12,0.0,12
2867,1.0,0.0019,-14.0,0.095,24073,162.33915116200404,4229,6,1.3422567820191773,6
2868,1.0,0.0019,-14.0,0.095,24109,162.33915116200404,4245,36,0.0,16
2869,1.0,0.0019,-14.0,0.095,24121,162.33915116200404,4245,12,0.0,0
2870,1.0,0.0019,-14.0,0.095,24133,162.33915116200404,4255,12,0.0,10
2871,1.0,0.0019,-14.0,0.095,24169,162.33915116200404,4263,36,0.0,8
2872,1.0,0.0019,-14.0,0.095,24169,162.33915116200404,4263,0,0.0,0
2873,1.0,0.0019,-14.0,0.095,24169,162.33915116200404,4263,0,0.0,0
2874,1.0,0.0019,-14.0,0.095,24181,162.33915116200404,4275,12,0.0,12
2875,1.0,0.0019,-14.0,0.095,24193,162.33915116200404,4279,12,0.0,4
2876,1.0,0.0019,-14.0,0.095,24229,162.33915116200404,4289,36,0.0,10
2877,1.0,0.0019,-14.0,0.095,24265,162.33915116200404,4289,36,0.0,0
2878,1.0,0.0019,-14.0,0.095,24301,162.33915116200404,4273,36,0.0,-16
2879,1.0,0.0019,-14.0,0.095,24313,162.33915116200404,4275,12,0.0,2
2880,1.0,0.0019,-14.0,0.095,24349,162.33915116200404,4275,36,0.0,0
2881,1.0,0.0019,-14.0,0.095,24349,162.33915116200404,4275,0,0.0,0
2882,1.0,0.0019,-14.0,0.095,24349,162.33915116200404,4275,0,0.0,0
2883,1.0,0.0019,-14.0,0.095,24385,162.33915116200404,4275,36,0.0,0
2884,1.0,0.0019,-14.0,0.095,24421,162.33915116200404,4301,36,0.0,26
2885,1.0,0.0019,-14.0,0.095,24421,162.33915116200404,4301,0,0.0,0
2886,1.0,0.0019,-14.0,0.095,24433,162.33915116200404,4301,12,0.0,0
2887,1.0,0.0019,-14.0,0.095,24475,163.23296235748464,4321,42,0.8938111954805947,20
2888,1.0,0.0019,-14.0,0.095,24475,163.23296235748464,4321,0,0.0,0
2889,1.0,0.0019,-14.0,0.095,24487,163.23296235748464,4333,12,0.0,12
2890,1.0,0.0019,-14.0,0.095,24499,163.23296235748464,4323,12,0.0,-10
2891,1.0,0.0019,-14.0,0.095,24511,163.23296235748464,4325,12,0.0,2
2892,1.0,0.0019,-14.0,0.095,24535,163.23296235748464,4347,24,0.0,22
2893,1.0,0.0019,-14.0,0.095,24547,163.23296235748464,4357,12,0.0,10
2894,1.0,0.0019,-14.0,0.095,24547,163.23296235748464,4357,0,0.0,0
2895,1.0,0.0019,-14.0,0.095,24559,163.23296235748464,4367,12,0.0,10
2896,1.0,0.0019,-14.0,0.095,24559,163.23296235748464,4367,0,0.0,0
2897,1.0,0.0019,-14.0,0.095,24559,163.23296235748464,4367,0,0.0,0
2898,1.0,0.0019,-14.0,0.095,24583,163.23296235748464,4379,24,0.0,12
2899,1.0,0.0019,-14.0,0.095,24595,163.23296235748464,4391,12,0.0,12
2900,1.0,0.0019,-14.0,0.095,24631,163.23296235748464,4391,36,0.0,0
2901,1.0,0.0019,-14.0,0.095,24643,163.23296235748464,4403,12,0.0,12
2902,1.0,0.0019,-14.0,0.095,24655,163.23296235748464,4403,12,0.0,0
2903,1.0,0.0019,-14.0,0.095,24727,163.23296235748464,4475,72,0.0,72
2904,1.0,0.0019,-14.0,0.095,24751,163.23296235748464,4485,24,0.0,10
2905,1.0,0.0019,-14.0,0.095,24787,163.23296235748464,4495,36,0.0,10
2906,1.0,0.0019,-14.0,0.095,24811,163.23296235748464,4497,24,0.0,2
2907,1.0,0.0019,-14.0,0.095,24829,164.57521077003062,4511,18,1.3422484125459846,14
2908,1.0,0.0019,-14.0,0.095,24841,164.57521077003062,4517,12,0.0,6
2909,1.0,0.0019,-14.0,0.095,24877,164.57521077003062,4507,36,0.0,-10
2910,1.0,0.0019,-14.0,0.095,24901,164.57521077003062,4507,24,0.0,0
2911,1.0,0.0019,-14.0,0.095,24901,164.57521077003062,4507,0,0.0,0
2912,1.0,0.0019,-14.0,0.095,24925,164.57521077003062,4491,24,0.0,-16
2913,1.0,0.0019,-14.0,0.095,24949,164.57521077003062,4505,24,0.0,14
2914,1.0,0.0019,-14.0,0.095,24973,164.57521077003062,4505,24,0.0,0
2915,1.0,0.0019,-14.0,0.095,24985,164.57521077003062,4509,12,0.0,4
2916,1.0,0.0019,-14.0,0.095,24997,164.57521077003062,4521,12,0.0,12
2917,1.0,0.0019,-14.0,0.095,24997,164.57521077003062,4521,0,0.0,0
2918,1.0,0.0019,-14.0,0.095,25009,164.57521077003062,4533,12,0.0,12
2919,1.0,0.0019,-14.0,0.095,25021,164.57521077003062,4523,12,0.0,-10
2920,1.0,0.0019,-14.0,0.095,25045,164.57521077003062,4523,24,0.0,0
2921,1.0,0.0019,-14.0,0.095,25081,164.57521077003062,4485,36,0.0,-38
2922,1.0,0.0019,-14.0,0.095,25093,164.57521077003062,4461,12,0.0,-24
2923,1.0,0.0019,-14.0,0.095,25093,164.57521077003062,4461,0,0.0,0
2924,1.0,0.0019,-14.0,0.095,25105,164.57521077003062,4471,12,0.0,10
2925,1.0,0.0019,-14.0,0.095,25117,164.57521077003062,4467,12,0.0,-4
2926,1.0,0.0019,-14.0,0.095,25141,164.57521077003062,4443,24,0.0,-24
2927,1.0,0.0019,-14.0,0.095,25183,165.46903033498444,4471,42,0.8938195649538159,28
2928,1.0,0.0019,-14.0,0.095,25231,165.46903033498444,4477,48,0.0,6
2929,1.0,0.0019,-14.0,0.095,25267,165.46903033498444,4471,36,0.0,-6
2930,1.0,0.0019,-14.0,0.095,25291,165.46903033498444,4473,24,0.0,2
2931,1.0,0.0019,-14.0,0.095,25303,165.46903033498444,4485,12,0.0,12
2932,1.0,0.0019,-14.0,0.095,25315,165.46903033498444,4489,12,0.0,4
2933,1.0,0.0019,-14.0,0.095,25327,165.46903033498444,4499,12,0.0,10
2934,1.0,0.0019,-14.0,0.095,25339,165.46903033498444,4499,12,0.0,0
2935,1.0,0.0019,-14.0,0.095,25351,165.46903033498444,4511,12,0.0,12
2936,1.0,0.0019,-14.0,0.095,25375,165.46903033498444,4533,24,0.0,22
2937,1.0,0.0019,-14.0,0.095,25399,165.46903033498444,4539,24,0.0,6
2938,1.0,0.0019,-14.0,0.095,25399,165.46903033498444,4539,0,0.0,0
2939,1.0,0.0019,-14.0,0.095,25423,165.46903033498444,4551,24,0.0,12
2940,1.0,0.0019,-14.0,0.095,25435,165.46903033498444,4551,12,0.0,0
2941,1.0,0.0019,-14.0,0.095,25459,165.46903033498444,4523,24,0.0,-28
2942,1.0,0.0019,-14.0,0.095,25483,165.46903033498444,4511,24,0.0,-12
2943,1.0,0.0019,-14.0,0.095,25495,165.46903033498444,4515,12,0.0,4
2944,1.0,0.0019,-14.0,0.095,25531,165.46903033498444,4507,36,0.0,-8
2945,1.0,0.0019,-14.0,0.095,25567,165.46903033498444,4521,36,0.0,14
2946,1.0,0.0019,-14.0,0.095,25579,165.46903033498444,4511,12,0.0,-10
2947,1.0,0.0019,-14.0,0.095,25645,166.8112706024386,4569,66,1.342240267454173,58
2948,1.0,0.0019,-14.0,0.095,25657,166.8112706024386,4581,12,0.0,12
2949,1.0,0.0019,-14.0,0.095,25669,166.8112706024386,4585,12,0.0,4
2950,1.0,0.0019,-14.0,0.095,25693,166.8112706024386,4595,24,0.0,10
2951,1.0,0.0019,-14.0,0.095,25693,166.8112706024386,4595,0,0.0,0
2952,1.0,0.0019,-14.0,0.095,25693,166.8112706024386,4595,0,0.0,0
2953,1.0,0.0019,-14.0,0.095,25705,166.8112706024386,4607,12,0.0,12
2954,1.0,0.0019,-14.0,0.095,25753,166.8112706024386,4637,48,0.0,30
2955,1.0,0.0019,-14.0,0.095,25789,166.8112706024386,4639,36,0.0,2
2956,1.0,0.0019,-14.0,0.095,25837,166.8112706024386,4599,48,0.0,-40
2957,1.0,0.0019,-14.0,0.095,25849,166.8112706024386,4599,12,0.0,0
2958,1.0,0.0019,-14.0,0.095,25879,166.8112706024386,4609,30,0.0,10
2959,1.0,0.0019,-14.0,0.095,25891,166.8112706024386,4619,12,0.0,10
2960,1.0,0.0019,-14.0,0.095,25891,166.8112706024386,4619,0,0.0,0
2961,1.0,0.0019,-14.0,0.095,25903,166.8112706024386,4629,12,0.0,10
2962,1.0,0.0019,-14.0,0.095,25903,166.8112706024386,4629,0,0.0,0
2963,1.0,0.0019,-14.0,0.095,25915,166.8112706024386,4629,12,0.0,0
2964,1.0,0.0019,-14.0,0.095,25915,166.8112706024386,4629,0,0.0,0
2965,1.0,0.0019,-14.0,0.095,25915,166.8112706024386,4629,0,0.0,0
2966,1.0,0.0019,-14.0,0.095,25927,166.8112706024386,4629,12,0.0,0
2967,1.0,0.0019,-14.0,0.095,25945,167.70509831248424,4639,18,0.8938277100456276,10
2968,1.0,0.0019,-14.0,0.095,25969,167.70509831248424,4647,24,0.0,8
2969,1.0,0.0019,-14.0,0.095,25981,167.70509831248424,4647,12,0.0,0
2970,1.0,0.0019,-14.0,0.095,25981,167.70509831248424,4647,0,0.0,0
2971,1.0,0.0019,-14.0,0.095,25981,167.70509831248424,4647,0,0.0,0
2972,1.0,0.0019,-14.0,0.095,25981,167.70509831248424,4647,0,0.0,0
2973,1.0,0.0019,-14.0,0.095,26017,167.70509831248424,4657,36,0.0,10
2974,1.0,0.0019,-14.0,0.095,26041,167.70509831248424,4641,24,0.0,-16
2975,1.0,0.0019,-14.0,0.095,26053,167.70509831248424,4653,12,0.0,12
2976,1.0,0.0019,-14.0,0.095,26065,167.70509831248424,4665,12,0.0,12
2977,1.0,0.0019,-14.0,0.095,26101,167.70509831248424,4687,36,0.0,22
2978,1.0,0.0019,-14.0,0.095,26149,167.70509831248424,4681,48,0.0,-6
2979,1.0,0.0019,-14.0,0.095,26197,167.70509831248424,4713,48,0.0,32
2980,1.0,0.0019,-14.0,0.095,26221,167.70509831248424,4699,24,0.0,-14
2981,1.0,0.0019,-14.0,0.095,26233,167.70509831248424,4709,12,0.0,10
2982,1.0,0.0019,-14.0,0.095,26281,167.70509831248424,4705,48,0.0,-4
2983,1.0,0.0019,-14.0,0.095,26317,167.70509831248424,4707,36,0.0,2
2984,1.0,0.0019,-14.0,0.095,26341,167.70509831248424,4717,24,0.0,10
2985,1.0,0.0019,-14.0,0.095,26353,167.70509831248424,4721,12,0.0,4
2986,1.0,0.0019,-14.0,0.095,26389,167.70509831248424,4731,36,0.0,10
2987,1.0,0.0019,-14.0,0.095,26431,169.04733065032408,4723,42,1.342232337839846,-8
2988,1.0,0.0019,-14.0,0.095,26467,169.04733065032408,4723,36,0.0,0
2989,1.0,0.0019,-14.0,0.095,26491,169.04733065032408,4737,24,0.0,14
2990,1.0,0.0019,-14.0,0.095,26539,169.04733065032408,4743,48,0.0,6
2991,1.0,0.0019,-14.0,0.095,26587,169.04733065032408,4739,48,0.0,-4
2992,1.0,0.0019,-14.0,0.095,26599,169.04733065032408,4751,12,0.0,12
2993,1.0,0.0019,-14.0,0.095,26623,169.04733065032408,4725,24,0.0,-26
2994,1.0,0.0019,-14.0,0.095,26647,169.04733065032408,4725,24,0.0,0
2995,1.0,0.0019,-14.0,0.095,26647,169.04733065032408,4725,0,0.0,0
2996,1.0,0.0019,-14.0,0.095,26647,169.04733065032408,4725,0,0.0,0
2997,1.0,0.0019,-14.0,0.095,26671,169.04733065032408,4737,24,0.0,12
2998,1.0,0.0019,-14.0,0.095,26707,169.04733065032408,4727,36,0.0,-10
2999,1.0,0.0019,-14.0,0.095,26719,169.04733065032408,4727,12,0.0,0
3000,1.0,0.0019,-14.0,0.095,26755,169.04733065032408,4749,36,0.0,22
3001,1.0,0.0019,-14.0,0.095,26779,169.04733065032408,4773,24,0.0,24
3002,1.0,0.0019,-14.0,0.095,26839,169.04733065032408,4789,60,0.0,16
3003,1.0,0.0019,-14.0,0.095,26875,169.04733065032408,4809,36,0.0,20
3004,1.0,0.0019,-14.0,0.095,26923,169.04733065032408,4819,48,0.0,10
3005,1.0,0.0019,-14.0,0.095,26971,169.04733065032408,4847,48,0.0,28
3006,1.0,0.0019,-14.0,0.095,27007,169.04733065032408,4845,36,0.0,-2
3007,1.0,0.0019,-14.0,0.095,27037,169.941166289984,4853,30,0.8938356396599261,8
3008,1.0,0.0019,-14.0,0.095,27049,169.941166289984,4853,12,0.0,0
3009,1.0,0.0019,-14.0,0.095,27061,169.941166289984,4865,12,0.0,12
3010,1.0,0.0019,-14.0,0.095,27073,169.941166289984,4877,12,0.0,12
3011,1.0,0.0019,-14.0,0.095,27097,169.941166289984,4895,24,0.0,18
3012,1.0,0.0019,-14.0,0.095,27097,169.941166289984,4895,0,0.0,0
3013,1.0,0.0019,-14.0,0.095,27097,169.941166289984,4895,0,0.0,0
3014,1.0,0.0019,-14.0,0.095,27109,169.941166289984,4871,12,0.0,-24
3015,1.0,0.0019,-14.0,0.095,27109,169.941166289984,4871,0,0.0,0
3016,1.0,0.0019,-14.0,0.095,27121,169.941166289984,4883,12,0.0,12
3017,1.0,0.0019,-14.0,0.095,27157,169.941166289984,4899,36,0.0,16
3018,1.0,0.0019,-14.0,0.095,27169,169.941166289984,4901,12,0.0,2
3019,1.0,0.0019,-14.0,0.095,27175,169.941166289984,4889,6,0.0,-12
3020,1.0,0.0019,-14.0,0.095,27187,169.941166289984,4865,12,0.0,-24
3021,1.0,0.0019,-14.0,0.095,27187,169.941166289984,4865,0,0.0,0
3022,1.0,0.0019,-14.0,0.095,27199,169.941166289984,4875,12,0.0,10
3023,1.0,0.0019,-14.0,0.095,27211,169.941166289984,4875,12,0.0,0
3024,1.0,0.0019,-14.0,0.095,27259,169.941166289984,4907,48,0.0,32
3025,1.0,0.0019,-14.0,0.095,27283,169.941166289984,4883,24,0.0,-24
3026,1.0,0.0019,-14.0,0.095,27283,169.941166289984,4883,0,0.0,0
3027,1.0,0.0019,-14.0,0.095,27313,171.283390905248,4891,30,1.3422246152640014,8
3028,1.0,0.0019,-14.0,0.095,27361,171.283390905248,4901,48,0.0,10
3029,1.0,0.0019,-14.0,0.095,27397,171.283390905248,4917,36,0.0,16
3030,1.0,0.0019,-14.0,0.095,27409,171.283390905248,4917,12,0.0,0
3031,1.0,0.0019,-14.0,0.095,27433,171.283390905248,4917,24,0.0,0
3032,1.0,0.0019,-14.0,0.095,27445,171.283390905248,4917,12,0.0,0
3033,1.0,0.0019,-14.0,0.095,27493,171.283390905248,4913,48,0.0,-4
3034,1.0,0.0019,-14.0,0.095,27505,171.283390905248,4917,12,0.0,4
3035,1.0,0.0019,-14.0,0.095,27553,171.283390905248,4955,48,0.0,38
3036,1.0,0.0019,-14.0,0.095,27589,171.283390905248,4971,36,0.0,16
3037,1.0,0.0019,-14.0,0.095,27601,171.283390905248,4971,12,0.0,0
3038,1.0,0.0019,-14.0,0.095,27637,171.283390905248,4955,36,0.0,-16
3039,1.0,0.0019,-14.0,0.095,27649,171.283390905248,4967,12,0.0,12
3040,1.0,0.0019,-14.0,0.095,27673,171.283390905248,4989,24,0.0,22
3041,1.0,0.0019,-14.0,0.095,27697,171.283390905248,4985,24,0.0,-4
3042,1.0,0.0019,-14.0,0.095,27697,171.283390905248,4985,0,0.0,0
3043,1.0,0.0019,-14.0,0.095,27697,171.283390905248,4985,0,0.0,0
3044,1.0,0.0019,-14.0,0.095,27733,171.283390905248,4979,36,0.0,-6
3045,1.0,0.0019,-14.0,0.095,27733,171.283390905248,4979,0,0.0,0
3046,1.0,0.0019,-14.0,0.095,27745,171.283390905248,4971,12,0.0,-8
3047,1.0,0.0019,-14.0,0.095,27751,172.1772342674838,4977,6,0.8938433622357991,6
3048,1.0,0.0019,-14.0,0.095,27787,172.1772342674838,4981,36,0.0,4
3049,1.0,0.0019,-14.0,0.095,27811,172.1772342674838,4995,24,0.0,14
3050,1.0,0.0019,-14.0,0.095,27823,172.1772342674838,5007,12,0.0,12
3051,1.0,0.0019,-14.0,0.095,27835,172.1772342674838,4987,12,0.0,-20
3052,1.0,0.0019,-14.0,0.095,27895,172.1772342674838,5001,60,0.0,14
3053,1.0,0.0019,-14.0,0.095,27907,172.1772342674838,4993,12,0.0,-8
3054,1.0,0.0019,-14.0,0.095,27931,172.1772342674838,5007,24,0.0,14
3055,1.0,0.0019,-14.0,0.095,27967,172.1772342674838,4961,36,0.0,-46
3056,1.0,0.0019,-14.0,0.095,28015,172.1772342674838,4967,48,0.0,6
3057,1.0,0.0019,-14.0,0.095,28027,172.1772342674838,4979,12,0.0,12
3058,1.0,0.0019,-14.0,0.095,28039,172.1772342674838,4985,12,0.0,6
3059,1.0,0.0019,-14.0,0.095,28057,172.1772342674838,4955,18,0.0,-30
3060,1.0,0.0019,-14.0,0.095,28057,172.1772342674838,4955,0,0.0,0
3061,1.0,0.0019,-14.0,0.095,28069,172.1772342674838,4955,12,0.0,0
3062,1.0,0.0019,-14.0,0.095,28081,172.1772342674838,4967,12,0.0,12
3063,1.0,0.0019,-14.0,0.095,28117,172.1772342674838,4967,36,0.0,0
3064,1.0,0.0019,-14.0,0.095,28141,172.1772342674838,4971,24,0.0,4
3065,1.0,0.0019,-14.0,0.095,28153,172.1772342674838,4983,12,0.0,12
3066,1.0,0.0019,-14.0,0.095,28201,172.1772342674838,5005,48,0.0,22
3067,1.0,0.0019,-14.0,0.095,28225,173.5194513592064,4999,24,1.3422170917226026,-6
3068,1.0,0.0019,-14.0,0.095,28249,173.5194513592064,5021,24,0.0,22
3069,1.0,0.0019,-14.0,0.095,28261,173.5194513592064,5021,12,0.0,0
3070,1.0,0.0019,-14.0,0.095,28285,173.5194513592064,5039,24,0.0,18
3071,1.0,0.0019,-14.0,0.095,28381,173.5194513592064,5061,96,0.0,22
3072,1.0,0.0019,-14.0,0.095,28381,173.5194513592064,5061,0,0.0,0
3073,1.0,0.0019,-14.0,0.095,28405,173.5194513592064,5061,24,0.0,0
3074,1.0,0.0019,-14.0,0.095,28417,173.5194513592064,5057,12,0.0,-4
3075,1.0,0.0019,-14.0,0.095,28441,173.5194513592064,5079,24,0.0,22
3076,1.0,0.0019,-14.0,0.095,28477,173.5194513592064,5079,36,0.0,0
3077,1.0,0.0019,-14.0,0.095,28501,173.5194513592064,5101,24,0.0,22
3078,1.0,0.0019,-14.0,0.095,28525,173.5194513592064,5115,24,0.0,14
3079,1.0,0.0019,-14.0,0.095,28573,173.5194513592064,5097,48,0.0,-18
3080,1.0,0.0019,-14.0,0.095,28585,173.5194513592064,5099,12,0.0,2
3081,1.0,0.0019,-14.0,0.095,28609,173.5194513592064,5077,24,0.0,-22
3082,1.0,0.0019,-14.0,0.095,28645,173.5194513592064,5061,36,0.0,-16
3083,1.0,0.0019,-14.0,0.095,28645,173.5194513592064,5061,0,0.0,0
3084,1.0,0.0019,-14.0,0.095,28645,173.5194513592064,5061,0,0.0,0
3085,1.0,0.0019,-14.0,0.095,28657,173.5194513592064,5073,12,0.0,12
3086,1.0,0.0019,-14.0,0.095,28669,173.5194513592064,5025,12,0.0,-48
3087,1.0,0.0019,-14.0,0.095,28675,174.41330224498358,5031,6,0.8938508857771694,6
3088,1.0,0.0019,-14.0,0.095,28699,174.41330224498358,5037,24,0.0,6
3089,1.0,0.0019,-14.0,0.095,28699,174.41330224498358,5037,0,0.0,0
3090,1.0,0.0019,-14.0,0.095,28711,174.41330224498358,5037,12,0.0,0
3091,1.0,0.0019,-14.0,0.095,28723,174.41330224498358,5049,12,0.0,12
3092,1.0,0.0019,-14.0,0.095,28759,174.41330224498358,5051,36,0.0,2
3093,1.0,0.0019,-14.0,0.095,28771,174.41330224498358,5051,12,0.0,0
3094,1.0,0.0019,-14.0,0.095,28795,174.41330224498358,5057,24,0.0,6
3095,1.0,0.0019,-14.0,0.095,28807,174.41330224498358,5069,12,0.0,12
3096,1.0,0.0019,-14.0,0.095,28855,174.41330224498358,5081,48,0.0,12
3097,1.0,0.0019,-14.0,0.095,28867,174.41330224498358,5093,12,0.0,12
3098,1.0,0.0019,-14.0,0.095,28867,174.41330224498358,5093,0,0.0,0
3099,1.0,0.0019,-14.0,0.095,28879,174.41330224498358,5097,12,0.0,4
3100,1.0,0.0019,-14.0,0.095,28939,174.41330224498358,5123,60,0.0,26
3101,1.0,0.0019,-14.0,0.095,28951,174.41330224498358,5119,12,0.0,-4
3102,1.0,0.0019,-14.0,0.095,28975,174.41330224498358,5133,24,0.0,14
3103,1.0,0.0019,-14.0,0.095,28975,174.41330224498358,5133,0,0.0,0
3104,1.0,0.0019,-14.0,0.095,29011,174.41330224498358,5079,36,0.0,-54
3105,1.0,0.0019,-14.0,0.095,29011,174.41330224498358,5079,0,0.0,0
3106,1.0,0.0019,-14.0,0.095,29053,174.41330224498358,5073,42,0.0,-6
3107,1.0,0.0019,-14.0,0.095,29071,175.75551200460256,5079,18,1.3422097596189815,6
3108,1.0,0.0019,-14.0,0.095,29107,175.75551200460256,5095,36,0.0,16
3109,1.0,0.0019,-14.0,0.095,29131,175.75551200460256,5095,24,0.0,0
3110,1.0,0.0019,-14.0,0.095,29143,175.75551200460256,5107,12,0.0,12
3111,1.0,0.0019,-14.0,0.095,29167,175.75551200460256,5115,24,0.0,8
3112,1.0,0.0019,-14.0,0.095,29191,175.75551200460256,5125,24,0.0,10
3113,1.0,0.0019,-14.0,0.095,29203,175.75551200460256,5125,12,0.0,0
3114,1.0,0.0019,-14.0,0.095,29227,175.75551200460256,5147,24,0.0,22
3115,1.0,0.0019,-14.0,0.095,29239,175.75551200460256,5149,12,0.0,2
3116,1.0,0.0019,-14.0,0.095,29239,175.75551200460256,5149,0,0.0,0
3117,1.0,0.0019,-14.0,0.095,29263,175.75551200460256,5137,24,0.0,-12
3118,1.0,0.0019,-14.0,0.095,29299,175.75551200460256,5121,36,0.0,-16
3119,1.0,0.0019,-14.0,0.095,29299,175.75551200460256,5121,0,0.0,0
3120,1.0,0.0019,-14.0,0.095,29347,175.75551200460256,5133,48,0.0,12
3121,1.0,0.0019,-14.0,0.095,29359,175.75551200460256,5137,12,0.0,4
3122,1.0,0.0019,-14.0,0.095,29395,175.75551200460256,5145,36,0.0,8
3123,1.0,0.0019,-14.0,0.095,29419,175.75551200460256,5155,24,0.0,10
3124,1.0,0.0019,-14.0,0.095,29503,175.75551200460256,5207,84,0.0,52
3125,1.0,0.0019,-14.0,0.095,29527,175.75551200460256,5207,24,0.0,0
3126,1.0,0.0019,-14.0,0.095,29551,175.75551200460256,5215,24,0.0,8
3127,1.0,0.0019,-14.0,0.095,29605,176.64937022248338,5231,54,0.893858217880819,16
3128,1.0,0.0019,-14.0,0.095,29605,176.64937022248338,5231,0,0.0,0
3129,1.0,0.0019,-14.0,0.095,29629,176.64937022248338,5243,24,0.0,12
3130,1.0,0.0019,-14.0,0.095,29641,176.64937022248338,5235,12,0.0,-8
3131,1.0,0.0019,-14.0,0.095,29665,176.64937022248338,5213,24,0.0,-22
3132,1.0,0.0019,-14.0,0.095,29677,176.64937022248338,5209,12,0.0,-4
3133,1.0,0.0019,-14.0,0.095,29701,176.64937022248338,5199,24,0.0,-10
3134,1.0,0.0019,-14.0,0.095,29713,176.64937022248338,5199,12,0.0,0
3135,1.0,0.0019,-14.0,0.095,29725,176.64937022248338,5211,12,0.0,12
3136,1.0,0.0019,-14.0,0.095,29737,176.64937022248338,5211,12,0.0,0
3137,1.0,0.0019,-14.0,0.095,29761,176.64937022248338,5211,24,0.0,0
3138,1.0,0.0019,-14.0,0.095,29797,176.64937022248338,5223,36,0.0,12
3139,1.0,0.0019,-14.0,0.095,29821,176.64937022248338,5199,24,0.0,-24
3140,1.0,0.0019,-14.0,0.095,29845,176.64937022248338,5199,24,0.0,0
3141,1.0,0.0019,-14.0,0.095,29857,176.64937022248338,5211,12,0.0,12
3142,1.0,0.0019,-14.0,0.095,29881,176.64937022248338,5207,24,0.0,-4
3143,1.0,0.0019,-14.0,0.095,29941,176.64937022248338,5267,60,0.0,60
3144,1.0,0.0019,-14.0,0.095,29941,176.64937022248338,5267,0,0.0,0
3145,1.0,0.0019,-14.0,0.095,29977,176.64937022248338,5275,36,0.0,8
3146,1.0,0.0019,-14.0,0.095,30013,176.64937022248338,5283,36,0.0,8
3147,1.0,0.0019,-14.0,0.095,30055,177.99157283422156,5299,42,1.3422026117381733,16
3148,1.0,0.0019,-14.0,0.095,30115,177.99157283422156,5335,60,0.0,36
3149,1.0,0.0019,-14.0,0.095,30115,177.99157283422156,5335,0,0.0,0
3150,1.0,0.0019,-14.0,0.095,30139,177.99157283422156,5347,24,0.0,12
3151,1.0,0.0019,-14.0,0.095,30163,177.99157283422156,5351,24,0.0,4
3152,1.0,0.0019,-14.0,0.095,30187,177.99157283422156,5363,24,0.0,12
3153,1.0,0.0019,-14.0,0.095,30199,177.99157283422156,5367,12,0.0,4
3154,1.0,0.0019,-14.0,0.095,30247,177.99157283422156,5377,48,0.0,10
3155,1.0,0.0019,-14.0,0.095,30259,177.99157283422156,5381,12,0.0,4
3156,1.0,0.0019,-14.0,0.095,30271,177.99157283422156,5381,12,0.0,0
3157,1.0,0.0019,-14.0,0.095,30271,177.99157283422156,5381,0,0.0,0
3158,1.0,0.0019,-14.0,0.095,30295,177.99157283422156,5369,24,0.0,-12
3159,1.0,0.0019,-14.0,0.095,30307,177.99157283422156,5369,12,0.0,0
3160,1.0,0.0019,-14.0,0.095,30331,177.99157283422156,5393,24,0.0,24
3161,1.0,0.0019,-14.0,0.095,30343,177.99157283422156,5369,12,0.0,-24
3162,1.0,0.0019,-14.0,0.095,30391,177.99157283422156,5373,48,0.0,4
3163,1.0,0.0019,-14.0,0.095,30403,177.99157283422156,5383,12,0.0,10
3164,1.0,0.0019,-14.0,0.095,30415,177.99157283422156,5383,12,0.0,0
3165,1.0,0.0019,-14.0,0.095,30463,177.99157283422156,5359,48,0.0,-24
3166,1.0,0.0019,-14.0,0.095,30499,177.99157283422156,5323,36,0.0,-36
3167,1.0,0.0019,-14.0,0.095,30541,178.88543819998318,5349,42,0.8938653657616271,26
3168,1.0,0.0019,-14.0,0.095,30565,178.88543819998318,5355,24,0.0,6
3169,1.0,0.0019,-14.0,0.095,30601,178.88543819998318,5331,36,0.0,-24
3170,1.0,0.0019,-14.0,0.095,30637,178.88543819998318,5343,36,0.0,12
3171,1.0,0.0019,-14.0,0.095,30673,178.88543819998318,5377,36,0.0,34
3172,1.0,0.0019,-14.0,0.095,30697,178.88543819998318,5391,24,0.0,14
3173,1.0,0.0019,-14.0,0.095,30745,178.88543819998318,5377,48,0.0,-14
3174,1.0,0.0019,-14.0,0.095,30745,178.88543819998318,5377,0,0.0,0
3175,1.0,0.0019,-14.0,0.095,30757,178.88543819998318,5329,12,0.0,-48
3176,1.0,0.0019,-14.0,0.095,30769,178.88543819998318,5333,12,0.0,4
3177,1.0,0.0019,-14.0,0.095,30817,178.88543819998318,5347,48,0.0,14
3178,1.0,0.0019,-14.0,0.095,30817,178.88543819998318,5347,0,0.0,0
3179,1.0,0.0019,-14.0,0.095,30829,178.88543819998318,5347,12,0.0,0
3180,1.0,0.0019,-14.0,0.095,30841,178.88543819998318,5347,12,0.0,0
3181,1.0,0.0019,-14.0,0.095,30853,178.88543819998318,5351,12,0.0,4
3182,1.0,0.0019,-14.0,0.095,30877,178.88543819998318,5339,24,0.0,-12
3183,1.0,0.0019,-14.0,0.095,30913,178.88543819998318,5355,36,0.0,16
3184,1.0,0.0019,-14.0,0.095,30961,178.88543819998318,5347,48,0.0,-8
3185,1.0,0.0019,-14.0,0.095,31033,178.88543819998318,5371,72,0.0,24
3186,1.0,0.0019,-14.0,0.095,31045,178.88543819998318,5367,12,0.0,-4
3187,1.0,0.0019,-14.0,0.095,31123,180.22763384120648,5427,78,1.3421956412232987,60
3188,1.0,0.0019,-14.0,0.095,31135,180.22763384120648,5439,12,0.0,12
3189,1.0,0.0019,-14.0,0.095,31135,180.22763384120648,5439,0,0.0,0
3190,1.0,0.0019,-14.0,0.095,31147,180.22763384120648,5437,12,0.0,-2
3191,1.0,0.0019,-14.0,0.095,31171,180.22763384120648,5461,24,0.0,24
3192,1.0,0.0019,-14.0,0.095,31195,180.22763384120648,5457,24,0.0,-4
3193,1.0,0.0019,-14.0,0.095,31219,180.22763384120648,5481,24,0.0,24
3194,1.0,0.0019,-14.0,0.095,31255,180.22763384120648,5505,36,0.0,24
3195,1.0,0.0019,-14.0,0.095,31255,180.22763384120648,5505,0,0.0,0
3196,1.0,0.0019,-14.0,0.095,31303,180.22763384120648,5473,48,0.0,-32
3197,1.0,0.0019,-14.0,0.095,31351,180.22763384120648,5487,48,0.0,14
3198,1.0,0.0019,-14.0,0.095,31363,180.22763384120648,5499,12,0.0,12
3199,1.0,0.0019,-14.0,0.095,31363,180.22763384120648,5499,0,0.0,0
3200,1.0,0.0019,-14.0,0.095,31375,180.22763384120648,5503,12,0.0,4
3201,1.0,0.0019,-14.0,0.095,31387,180.22763384120648,5513,12,0.0,10
3202,1.0,0.0019,-14.0,0.095,31399,180.22763384120648,5523,12,0.0,10
3203,1.0,0.0019,-14.0,0.095,31399,180.22763384120648,5523,0,0.0,0
3204,1.0,0.0019,-14.0,0.095,31411,180.22763384120648,5523,12,0.0,0
3205,1.0,0.0019,-14.0,0.095,31423,180.22763384120648,5535,12,0.0,12
3206,1.0,0.0019,-14.0,0.095,31477,180.22763384120648,5481,54,0.0,-54
3207,1.0,0.0019,-14.0,0.095,31483,181.12150617748296,5487,6,0.8938723362764733,6
3208,1.0,0.0019,-14.0,0.095,31507,181.12150617748296,5495,24,0.0,8
3209,1.0,0.0019,-14.0,0.095,31519,181.12150617748296,5495,12,0.0,0
3210,1.0,0.0019,-14.0,0.095,31531,181.12150617748296,5495,12,0.0,0
3211,1.0,0.0019,-14.0,0.095,31567,181.12150617748296,5491,36,0.0,-4
3212,1.0,0.0019,-14.0,0.095,31567,181.12150617748296,5491,0,0.0,0
3213,1.0,0.0019,-14.0,0.095,31579,181.12150617748296,5491,12,0.0,0
3214,1.0,0.0019,-14.0,0.095,31627,181.12150617748296,5495,48,0.0,4
3215,1.0,0.0019,-14.0,0.095,31639,181.12150617748296,5507,12,0.0,12
3216,1.0,0.0019,-14.0,0.095,31687,181.12150617748296,5533,48,0.0,26
3217,1.0,0.0019,-14.0,0.095,31759,181.12150617748296,5575,72,0.0,42
3218,1.0,0.0019,-14.0,0.095,31819,181.12150617748296,5531,60,0.0,-44
3219,1.0,0.0019,-14.0,0.095,31843,181.12150617748296,5555,24,0.0,24
3220,1.0,0.0019,-14.0,0.095,31855,181.12150617748296,5531,12,0.0,-24
3221,1.0,0.0019,-14.0,0.095,31891,181.12150617748296,5533,36,0.0,2
3222,1.0,0.0019,-14.0,0.095,31915,181.12150617748296,5515,24,0.0,-18
3223,1.0,0.0019,-14.0,0.095,31951,181.12150617748296,5499,36,0.0,-16
3224,1.0,0.0019,-14.0,0.095,31987,181.12150617748296,5489,36,0.0,-10
3225,1.0,0.0019,-14.0,0.095,31987,181.12150617748296,5489,0,0.0,0
3226,1.0,0.0019,-14.0,0.095,32023,181.12150617748296,5483,36,0.0,-6
3227,1.0,0.0019,-14.0,0.095,32041,182.4636950190366,5501,18,1.34218884155365,18
3228,1.0,0.0019,-14.0,0.095,32113,182.4636950190366,5513,72,0.0,12
3229,1.0,0.0019,-14.0,0.095,32125,182.4636950190366,5519,12,0.0,6
3230,1.0,0.0019,-14.0,0.095,32149,182.4636950190366,5517,24,0.0,-2
3231,1.0,0.0019,-14.0,0.095,32173,182.4636950190366,5539,24,0.0,22
3232,1.0,0.0019,-14.0,0.095,32197,182.4636950190366,5517,24,0.0,-22
3233,1.0,0.0019,-14.0,0.095,32209,182.4636950190366,5517,12,0.0,0
3234,1.0,0.0019,-14.0,0.095,32209,182.4636950190366,5517,0,0.0,0
3235,1.0,0.0019,-14.0,0.095,32233,182.4636950190366,5521,24,0.0,4
3236,1.0,0.0019,-14.0,0.095,32245,182.4636950190366,5521,12,0.0,0
3237,1.0,0.0019,-14.0,0.095,32269,182.4636950190366,5521,24,0.0,0
3238,1.0,0.0019,-14.0,0.095,32281,182.4636950190366,5501,12,0.0,-20
3239,1.0,0.0019,-14.0,0.095,32293,182.4636950190366,5501,12,0.0,0
3240,1.0,0.0019,-14.0,0.095,32341,182.4636950190366,5543,48,0.0,42
3241,1.0,0.0019,-14.0,0.095,32401,182.4636950190366,5597,60,0.0,54
3242,1.0,0.0019,-14.0,0.095,32461,182.4636950190366,5605,60,0.0,8
3243,1.0,0.0019,-14.0,0.095,32473,182.4636950190366,5607,12,0.0,2
3244,1.0,0.0019,-14.0,0.095,32485,182.4636950190366,5607,12,0.0,0
3245,1.0,0.0019,-14.0,0.095,32509,182.4636950190366,5619,24,0.0,12
3246,1.0,0.0019,-14.0,0.095,32509,182.4636950190366,5619,0,0.0,0
3247,1.0,0.0019,-14.0,0.095,32539,183.35757415498276,5631,30,0.8938791359461504,12
3248,1.0,0.0019,-14.0,0.095,32563,183.35757415498276,5631,24,0.0,0
3249,1.0,0.0019,-14.0,0.095,32575,183.35757415498276,5641,12,0.0,10
3250,1.0,0.0019,-14.0,0.095,32611,183.35757415498276,5645,36,0.0,4
3251,1.0,0.0019,-14.0,0.095,32623,183.35757415498276,5657,12,0.0,12
3252,1.0,0.0019,-14.0,0.095,32635,183.35757415498276,5653,12,0.0,-4
3253,1.0,0.0019,-14.0,0.095,32659,183.35757415498276,5615,24,0.0,-38
3254,1.0,0.0019,-14.0,0.095,32683,183.35757415498276,5603,24,0.0,-12
3255,1.0,0.0019,-14.0,0.095,32695,183.35757415498276,5615,12,0.0,12
3256,1.0,0.0019,-14.0,0.095,32755,183.35757415498276,5629,60,0.0,14
3257,1.0,0.0019,-14.0,0.095,32767,183.35757415498276,5631,12,0.0,2
3258,1.0,0.0019,-14.0,0.095,32791,183.35757415498276,5633,24,0.0,2
3259,1.0,0.0019,-14.0,0.095,32791,183.35757415498276,5633,0,0.0,0
3260,1.0,0.0019,-14.0,0.095,32803,183.35757415498276,5645,12,0.0,12
3261,1.0,0.0019,-14.0,0.095,32803,183.35757415498276,5645,0,0.0,0
3262,1.0,0.0019,-14.0,0.095,32815,183.35757415498276,5655,12,0.0,10
3263,1.0,0.0019,-14.0,0.095,32839,183.35757415498276,5669,24,0.0,14
3264,1.0,0.0019,-14.0,0.095,32839,183.35757415498276,5669,0,0.0,0
3265,1.0,0.0019,-14.0,0.095,32863,183.35757415498276,5655,24,0.0,-14
3266,1.0,0.0019,-14.0,0.095,32863,183.35757415498276,5655,0,0.0,0
3267,1.0,0.0019,-14.0,0.095,32893,184.69975636150687,5675,30,1.3421822065241145,20
3268,1.0,0.0019,-14.0,0.095,32929,184.69975636150687,5667,36,0.0,-8
3269,1.0,0.0019,-14.0,0.095,32953,184.69975636150687,5659,24,0.0,-8
3270,1.0,0.0019,-14.0,0.095,32989,184.69975636150687,5657,36,0.0,-2
3271,1.0,0.0019,-14.0,0.095,33049,184.69975636150687,5657,60,0.0,0
3272,1.0,0.0019,-14.0,0.095,33049,184.69975636150687,5657,0,0.0,0
3273,1.0,0.0019,-14.0,0.095,33097,184.69975636150687,5655,48,0.0,-2
3274,1.0,0.0019,-14.0,0.095,33097,184.69975636150687,5655,0,0.0,0
3275,1.0,0.0019,-14.0,0.095,33133,184.69975636150687,5681,36,0.0,26
3276,1.0,0.0019,-14.0,0.095,33157,184.69975636150687,5705,24,0.0,24
3277,1.0,0.0019,-14.0,0.095,33169,184.69975636150687,5715,12,0.0,10
3278,1.0,0.0019,-14.0,0.095,33181,184.69975636150687,5699,12,0.0,-16
3279,1.0,0.0019,-14.0,0.095,33193,184.69975636150687,5711,12,0.0,12
3280,1.0,0.0019,-14.0,0.095,33205,184.69975636150687,5723,12,0.0,12
3281,1.0,0.0019,-14.0,0.095,33217,184.69975636150687,5733,12,0.0,10
3282,1.0,0.0019,-14.0,0.095,33217,184.69975636150687,5733,0,0.0,0
3283,1.0,0.0019,-14.0,0.095,33217,184.69975636150687,5733,0,0.0,0
3284,1.0,0.0019,-14.0,0.095,33253,184.69975636150687,5747,36,0.0,14
3285,1.0,0.0019,-14.0,0.095,33289,184.69975636150687,5755,36,0.0,8
3286,1.0,0.0019,-14.0,0.095,33325,184.69975636150687,5769,36,0.0,14
3287,1.0,0.0019,-14.0,0.095,33403,185.59364213248256,5767,78,0.893885770975686,-2
3288,1.0,0.0019,-14.0,0.095,33475,185.59364213248256,5775,72,0.0,8
3289,1.0,0.0019,-14.0,0.095,33499,185.59364213248256,5799,24,0.0,24
3290,1.0,0.0019,-14.0,0.095,33511,185.59364213248256,5811,12,0.0,12
3291,1.0,0.0019,-14.0,0.095,33523,185.59364213248256,5811,12,0.0,0
3292,1.0,0.0019,-14.0,0.095,33547,185.59364213248256,5799,24,0.0,-12
3293,1.0,0.0019,-14.0,0.095,33547,185.59364213248256,5799,0,0.0,0
3294,1.0,0.0019,-14.0,0.095,33571,185.59364213248256,5821,24,0.0,22
3295,1.0,0.0019,-14.0,0.095,33583,185.59364213248256,5809,12,0.0,-12
3296,1.0,0.0019,-14.0,0.095,33619,185.59364213248256,5811,36,0.0,2
3297,1.0,0.0019,-14.0,0.095,33643,185.59364213248256,5823,24,0.0,12
3298,1.0,0.0019,-14.0,0.095,33655,185.59364213248256,5833,12,0.0,10
3299,1.0,0.0019,-14.0,0.095,33679,185.59364213248256,5801,24,0.0,-32
3300,1.0,0.0019,-14.0,0.095,33679,185.59364213248256,5801,0,0.0,0
3301,1.0,0.0019,-14.0,0.095,33679,185.59364213248256,5801,0,0.0,0
3302,1.0,0.0019,-14.0,0.095,33703,185.59364213248256,5813,24,0.0,12
3303,1.0,0.0019,-14.0,0.095,33715,185.59364213248256,5813,12,0.0,0
3304,1.0,0.0019,-14.0,0.095,33751,185.59364213248256,5829,36,0.0,16
3305,1.0,0.0019,-14.0,0.095,33787,185.59364213248256,5831,36,0.0,2
3306,1.0,0.0019,-14.0,0.095,33811,185.59364213248256,5831,24,0.0,0
3307,1.0,0.0019,-14.0,0.095,33841,186.93581786270923,5855,30,1.3421757302266712,24
3308,1.0,0.0019,-14.0,0.095,33877,186.93581786270923,5867,36,0.0,12
3309,1.0,0.0019,-14.0,0.095,33913,186.93581786270923,5885,36,0.0,18
3310,1.0,0.0019,-14.0,0.095,33937,186.93581786270923,5897,24,0.0,12
3311,1.0,0.0019,-14.0,0.095,33985,186.93581786270923,5909,48,0.0,12
3312,1.0,0.0019,-14.0,0.095,34009,186.93581786270923,5885,24,0.0,-24
3313,1.0,0.0019,-14.0,0.095,34021,186.93581786270923,5873,12,0.0,-12
3314,1.0,0.0019,-14.0,0.095,34033,186.93581786270923,5885,12,0.0,12
3315,1.0,0.0019,-14.0,0.095,34045,186.93581786270923,5897,12,0.0,12
3316,1.0,0.0019,-14.0,0.095,34087,186.93581786270923,5859,42,0.0,-38
3317,1.0,0.0019,-14.0,0.095,34111,186.93581786270923,5881,24,0.0,22
3318,1.0,0.0019,-14.0,0.095,34147,186.93581786270923,5895,36,0.0,14
3319,1.0,0.0019,-14.0,0.095,34195,186.93581786270923,5869,48,0.0,-26
3320,1.0,0.0019,-14.0,0.095,34207,186.93581786270923,5873,12,0.0,4
3321,1.0,0.0019,-14.0,0.095,34219,186.93581786270923,5851,12,0.0,-22
3322,1.0,0.0019,-14.0,0.095,34231,186.93581786270923,5847,12,0.0,-4
3323,1.0,0.0019,-14.0,0.095,34243,186.93581786270923,5859,12,0.0,12
3324,1.0,0.0019,-14.0,0.095,34243,186.93581786270923,5859,0,0.0,0
3325,1.0,0.0019,-14.0,0.095,34291,186.93581786270923,5879,48,0.0,20
3326,1.0,0.0019,-14.0,0.095,34327,186.93581786270923,5891,36,0.0,12
3327,1.0,0.0019,-14.0,0.095,34357,187.82971010998233,5889,30,0.8938922472731008,-2
3328,1.0,0.0019,-14.0,0.095,34369,187.82971010998233,5895,12,0.0,6
3329,1.0,0.0019,-14.0,0.095,34369,187.82971010998233,5895,0,0.0,0
3330,1.0,0.0019,-14.0,0.095,34393,187.82971010998233,5903,24,0.0,8
3331,1.0,0.0019,-14.0,0.095,34441,187.82971010998233,5929,48,0.0,26
3332,1.0,0.0019,-14.0,0.095,34489,187.82971010998233,5943,48,0.0,14
3333,1.0,0.0019,-14.0,0.095,34501,187.82971010998233,5943,12,0.0,0
3334,1.0,0.0019,-14.0,0.095,34525,187.82971010998233,5947,24,0.0,4
3335,1.0,0.0019,-14.0,0.095,34549,187.82971010998233,5955,24,0.0,8
3336,1.0,0.0019,-14.0,0.095,34597,187.82971010998233,5967,48,0.0,12
3337,1.0,0.0019,-14.0,0.095,34609,187.82971010998233,5979,12,0.0,12
3338,1.0,0.0019,-14.0,0.095,34657,187.82971010998233,6015,48,0.0,36
3339,1.0,0.0019,-14.0,0.095,34657,187.82971010998233,6015,0,0.0,0
3340,1.0,0.0019,-14.0,0.095,34693,187.82971010998233,5979,36,0.0,-36
3341,1.0,0.0019,-14.0,0.095,34705,187.82971010998233,5979,12,0.0,0
3342,1.0,0.0019,-14.0,0.095,34729,187.82971010998233,5989,24,0.0,10
3343,1.0,0.0019,-14.0,0.095,34765,187.82971010998233,5993,36,0.0,4
3344,1.0,0.0019,-14.0,0.095,34813,187.82971010998233,5951,48,0.0,-42
3345,1.0,0.0019,-14.0,0.095,34813,187.82971010998233,5951,0,0.0,0
3346,1.0,0.0019,-14.0,0.095,34837,187.82971010998233,5965,24,0.0,14
3347,1.0,0.0019,-14.0,0.095,34843,189.1718795170149,5971,6,1.3421694070325714,6
3348,1.0,0.0019,-14.0,0.095,34891,189.1718795170149,5991,48,0.0,20
3349,1.0,0.0019,-14.0,0.095,34903,189.1718795170149,5991,12,0.0,0
3350,1.0,0.0019,-14.0,0.095,34915,189.1718795170149,5991,12,0.0,0
3351,1.0,0.0019,-14.0,0.095,34927,189.1718795170149,5987,12,0.0,-4
3352,1.0,0.0019,-14.0,0.095,34951,189.1718795170149,5999,24,0.0,12
3353,1.0,0.0019,-14.0,0.095,34951,189.1718795170149,5999,0,0.0,0
3354,1.0,0.0019,-14.0,0.095,34963,189.1718795170149,6011,12,0.0,12
3355,1.0,0.0019,-14.0,0.095,35023,189.1718795170149,6045,60,0.0,34
3356,1.0,0.0019,-14.0,0.095,35035,189.1718795170149,6049,12,0.0,4
3357,1.0,0.0019,-14.0,0.095,35095,189.1718795170149,6073,60,0.0,24
3358,1.0,0.0019,-14.0,0.095,35167,189.1718795170149,6045,72,0.0,-28
3359,1.0,0.0019,-14.0,0.095,35179,189.1718795170149,6047,12,0.0,2
3360,1.0,0.0019,-14.0,0.095,35251,189.1718795170149,6051,72,0.0,4
3361,1.0,0.0019,-14.0,0.095,35251,189.1718795170149,6051,0,0.0,0
3362,1.0,0.0019,-14.0,0.095,35299,189.1718795170149,6061,48,0.0,10
3363,1.0,0.0019,-14.0,0.095,35323,189.1718795170149,6063,24,0.0,2
3364,1.0,0.0019,-14.0,0.095,35383,189.1718795170149,6097,60,0.0,34
3365,1.0,0.0019,-14.0,0.095,35407,189.1718795170149,6099,24,0.0,2
3366,1.0,0.0019,-14.0,0.095,35431,189.1718795170149,6103,24,0.0,4
3367,1.0,0.0019,-14.0,0.095,35509,190.06577808748213,6125,78,0.8938985704672291,22
3368,1.0,0.0019,-14.0,0.095,35509,190.06577808748213,6125,0,0.0,0
3369,1.0,0.0019,-14.0,0.095,35533,190.06577808748213,6127,24,0.0,2
3370,1.0,0.0019,-14.0,0.095,35533,190.06577808748213,6127,0,0.0,0
3371,1.0,0.0019,-14.0,0.095,35569,190.06577808748213,6129,36,0.0,2
3372,1.0,0.0019,-14.0,0.095,35569,190.06577808748213,6129,0,0.0,0
3373,1.0,0.0019,-14.0,0.095,35641,190.06577808748213,6161,72,0.0,32
3374,1.0,0.0019,-14.0,0.095,35641,190.06577808748213,6161,0,0.0,0
3375,1.0,0.0019,-14.0,0.095,35665,190.06577808748213,6165,24,0.0,4
3376,1.0,0.0019,-14.0,0.095,35701,190.06577808748213,6177,36,0.0,12
3377,1.0,0.0019,-14.0,0.095,35725,190.06577808748213,6187,24,0.0,10
3378,1.0,0.0019,-14.0,0.095,35761,190.06577808748213,6197,36,0.0,10
3379,1.0,0.0019,-14.0,0.095,35785,190.06577808748213,6221,24,0.0,24
3380,1.0,0.0019,-14.0,0.095,35809,190.06577808748213,6221,24,0.0,0
3381,1.0,0.0019,-14.0,0.095,35821,190.06577808748213,6233,12,0.0,12
3382,1.0,0.0019,-14.0,0.095,35845,190.06577808748213,6237,24,0.0,4
3383,1.0,0.0019,-14.0,0.095,35917,190.06577808748213,6299,72,0.0,62
3384,1.0,0.0019,-14.0,0.095,35941,190.06577808748213,6307,24,0.0,8
3385,1.0,0.0019,-14.0,0.095,35953,190.06577808748213,6319,12,0.0,12
3386,1.0,0.0019,-14.0,0.095,35989,190.06577808748213,6317,36,0.0,-2
3387,1.0,0.0019,-14.0,0.095,36019,191.40794131905812,6311,30,1.342163231575995,-6
3388,1.0,0.0019,-14.0,0.095,36049,191.40794131905812,6299,30,0.0,-12
3389,1.0,0.0019,-14.0,0.095,36061,191.40794131905812,6311,12,0.0,12
3390,1.0,0.0019,-14.0,0.095,36109,191.40794131905812,6339,48,0.0,28
3391,1.0,0.0019,-14.0,0.095,36145,191.40794131905812,6343,36,0.0,4
3392,1.0,0.0019,-14.0,0.095,36169,191.40794131905812,6353,24,0.0,10
3393,1.0,0.0019,-14.0,0.095,36217,191.40794131905812,6371,48,0.0,18
3394,1.0,0.0019,-14.0,0.095,36241,191.40794131905812,6371,24,0.0,0
3395,1.0,0.0019,-14.0,0.095,36253,191.40794131905812,6371,12,0.0,0
3396,1.0,0.0019,-14.0,0.095,36289,191.40794131905812,6367,36,0.0,-4
3397,1.0,0.0019,-14.0,0.095,36301,191.40794131905812,6363,12,0.0,-4
3398,1.0,0.0019,-14.0,0.095,36325,191.40794131905812,6351,24,0.0,-12
3399,1.0,0.0019,-14.0,0.095,36349,191.40794131905812,6351,24,0.0,0
3400,1.0,0.0019,-14.0,0.095,36361,191.40794131905812,6361,12,0.0,10
3401,1.0,0.0019,-14.0,0.095,36373,191.40794131905812,6337,12,0.0,-24
3402,1.0,0.0019,-14.0,0.095,36409,191.40794131905812,6323,36,0.0,-14
3403,1.0,0.0019,-14.0,0.095,36433,191.40794131905812,6335,24,0.0,12
3404,1.0,0.0019,-14.0,0.095,36445,191.40794131905812,6331,12,0.0,-4
3405,1.0,0.0019,-14.0,0.095,36529,191.40794131905812,6297,84,0.0,-34
3406,1.0,0.0019,-14.0,0.095,36565,191.40794131905812,6275,36,0.0,-22
3407,1.0,0.0019,-14.0,0.095,36595,192.3018460649819,6293,30,0.893904745923777,18
3408,1.0,0.0019,-14.0,0.095,36607,192.3018460649819,6299,12,0.0,6
3409,1.0,0.0019,-14.0,0.095,36637,192.3018460649819,6277,30,0.0,-22
3410,1.0,0.0019,-14.0,0.095,36685,192.3018460649819,6291,48,0.0,14
3411,1.0,0.0019,-14.0,0.095,36721,192.3018460649819,6289,36,0.0,-2
3412,1.0,0.0019,-14.0,0.095,36733,192.3018460649819,6289,12,0.0,0
3413,1.0,0.0019,-14.0,0.095,36757,192.3018460649819,6299,24,0.0,10
3414,1.0,0.0019,-14.0,0.095,36769,192.3018460649819,6299,12,0.0,0
3415,1.0,0.0019,-14.0,0.095,36769,192.3018460649819,6299,0,0.0,0
3416,1.0,0.0019,-14.0,0.095,36781,192.3018460649819,6299,12,0.0,0
3417,1.0,0.0019,-14.0,0.095,36793,192.3018460649819,6301,12,0.0,2
3418,1.0,0.0019,-14.0,0.095,36829,192.3018460649819,6317,36,0.0,16
3419,1.0,0.0019,-14.0,0.095,36865,192.3018460649819,6321,36,0.0,4
3420,1.0,0.0019,-14.0,0.095,36865,192.3018460649819,6321,0,0.0,0
3421,1.0,0.0019,-14.0,0.095,36865,192.3018460649819,6321,0,0.0,0
3422,1.0,0.0019,-14.0,0.095,36889,192.3018460649819,6309,24,0.0,-12
3423,1.0,0.0019,-14.0,0.095,36925,192.3018460649819,6337,36,0.0,28
3424,1.0,0.0019,-14.0,0.095,36973,192.3018460649819,6327,48,0.0,-10
3425,1.0,0.0019,-14.0,0.095,37033,192.3018460649819,6353,60,0.0,26
3426,1.0,0.0019,-14.0,0.095,37057,192.3018460649819,6375,24,0.0,22
3427,1.0,0.0019,-14.0,0.095,37159,193.64400326372103,6405,102,1.3421571987391303,30
3428,1.0,0.0019,-14.0,0.095,37219,193.64400326372103,6455,60,0.0,50
3429,1.0,0.0019,-14.0,0.095,37231,193.64400326372103,6457,12,0.0,2
3430,1.0,0.0019,-14.0,0.095,37255,193.64400326372103,6467,24,0.0,10
3431,1.0,0.0019,-14.0,0.095,37267,193.64400326372103,6467,12,0.0,0
3432,1.0,0.0019,-14.0,0.095,37291,193.64400326372103,6465,24,0.0,-2
3433,1.0,0.0019,-14.0,0.095,37339,193.64400326372103,6497,48,0.0,32
3434,1.0,0.0019,-14.0,0.095,37375,193.64400326372103,6495,36,0.0,-2
3435,1.0,0.0019,-14.0,0.095,37375,193.64400326372103,6495,0,0.0,0
3436,1.0,0.0019,-14.0,0.095,37423,193.64400326372103,6465,48,0.0,-30
3437,1.0,0.0019,-14.0,0.095,37447,193.64400326372103,6465,24,0.0,0
3438,1.0,0.0019,-14.0,0.095,37507,193.64400326372103,6463,60,0.0,-2
3439,1.0,0.0019,-14.0,0.095,37519,193.64400326372103,6459,12,0.0,-4
3440,1.0,0.0019,-14.0,0.095,37519,193.64400326372103,6459,0,0.0,0
3441,1.0,0.0019,-14.0,0.095,37555,193.64400326372103,6421,36,0.0,-38
3442,1.0,0.0019,-14.0,0.095,37579,193.64400326372103,6431,24,0.0,10
3443,1.0,0.0019,-14.0,0.095,37603,193.64400326372103,6439,24,0.0,8
3444,1.0,0.0019,-14.0,0.095,37615,193.64400326372103,6435,12,0.0,-4
3445,1.0,0.0019,-14.0,0.095,37627,193.64400326372103,6435,12,0.0,0
3446,1.0,0.0019,-14.0,0.095,37639,193.64400326372103,6435,12,0.0,0
3447,1.0,0.0019,-14.0,0.095,37657,194.5379140424817,6393,18,0.8939107787606702,-42
3448,1.0,0.0019,-14.0,0.095,37693,194.5379140424817,6411,36,0.0,18
3449,1.0,0.0019,-14.0,0.095,37705,194.5379140424817,6411,12,0.0,0
3450,1.0,0.0019,-14.0,0.095,37705,194.5379140424817,6411,0,0.0,0
3451,1.0,0.0019,-14.0,0.095,37741,194.5379140424817,6423,36,0.0,12
3452,1.0,0.0019,-14.0,0.095,37753,194.5379140424817,6435,12,0.0,12
3453,1.0,0.0019,-14.0,0.095,37777,194.5379140424817,6427,24,0.0,-8
3454,1.0,0.0019,-14.0,0.095,37801,194.5379140424817,6435,24,0.0,8
3455,1.0,0.0019,-14.0,0.095,37813,194.5379140424817,6447,12,0.0,12
3456,1.0,0.0019,-14.0,0.095,37873,194.5379140424817,6475,60,0.0,28
3457,1.0,0.0019,-14.0,0.095,37945,194.5379140424817,6515,72,0.0,40
3458,1.0,0.0019,-14.0,0.095,37981,194.5379140424817,6497,36,0.0,-18
3459,1.0,0.0019,-14.0,0.095,37981,194.5379140424817,6497,0,0.0,0
3460,1.0,0.0019,-14.0,0.095,38005,194.5379140424817,6469,24,0.0,-28
3461,1.0,0.0019,-14.0,0.095,38059,194.5379140424817,6467,54,0.0,-2
3462,1.0,0.0019,-14.0,0.095,38107,194.5379140424817,6449,48,0.0,-18
3463,1.0,0.0019,-14.0,0.095,38131,194.5379140424817,6451,24,0.0,2
3464,1.0,0.0019,-14.0,0.095,38155,194.5379140424817,6447,24,0.0,-4
3465,1.0,0.0019,-14.0,0.095,38179,194.5379140424817,6457,24,0.0,10
3466,1.0,0.0019,-14.0,0.095,38239,194.5379140424817,6445,60,0.0,-12
3467,1.0,0.0019,-14.0,0.095,38281,195.88006534611938,6441,42,1.342151303637678,-4
3468,1.0,0.0019,-14.0,0.095,38329,195.88006534611938,6449,48,0.0,8
3469,1.0,0.0019,-14.0,0.095,38329,195.88006534611938,6449,0,0.0,0
3470,1.0,0.0019,-14.0,0.095,38341,195.88006534611938,6447,12,0.0,-2
3471,1.0,0.0019,-14.0,0.095,38365,195.88006534611938,6469,24,0.0,22
3472,1.0,0.0019,-14.0,0.095,38401,195.88006534611938,6459,36,0.0,-10
3473,1.0,0.0019,-14.0,0.095,38425,195.88006534611938,6469,24,0.0,10
3474,1.0,0.0019,-14.0,0.095,38425,195.88006534611938,6469,0,0.0,0
3475,1.0,0.0019,-14.0,0.095,38449,195.88006534611938,6481,24,0.0,12
3476,1.0,0.0019,-14.0,0.095,38449,195.88006534611938,6481,0,0.0,0
3477,1.0,0.0019,-14.0,0.095,38509,195.88006534611938,6509,60,0.0,28
3478,1.0,0.0019,-14.0,0.095,38557,195.88006534611938,6491,48,0.0,-18
3479,1.0,0.0019,-14.0,0.095,38605,195.88006534611938,6513,48,0.0,22
3480,1.0,0.0019,-14.0,0.095,38641,195.88006534611938,6533,36,0.0,20
3481,1.0,0.0019,-14.0,0.095,38677,195.88006534611938,6567,36,0.0,34
3482,1.0,0.0019,-14.0,0.095,38749,195.88006534611938,6589,72,0.0,22
3483,1.0,0.0019,-14.0,0.095,38761,195.88006534611938,6591,12,0.0,2
3484,1.0,0.0019,-14.0,0.095,38773,195.88006534611938,6591,12,0.0,0
3485,1.0,0.0019,-14.0,0.095,38797,195.88006534611938,6603,24,0.0,12
3486,1.0,0.0019,-14.0,0.095,38809,195.88006534611938,6609,12,0.0,6
3487,1.0,0.0019,-14.0,0.095,38827,196.7739820199815,6621,18,0.8939166738621225,12
3488,1.0,0.0019,-14.0,0.095,38851,196.7739820199815,6633,24,0.0,12
3489,1.0,0.0019,-14.0,0.095,38851,196.7739820199815,6633,0,0.0,0
3490,1.0,0.0019,-14.0,0.095,38887,196.7739820199815,6613,36,0.0,-20
3491,1.0,0.0019,-14.0,0.095,38911,196.7739820199815,6635,24,0.0,22
3492,1.0,0.0019,-14.0,0.095,38935,196.7739820199815,6641,24,0.0,6
3493,1.0,0.0019,-14.0,0.095,38947,196.7739820199815,6617,12,0.0,-24
3494,1.0,0.0019,-14.0,0.095,38959,196.7739820199815,6593,12,0.0,-24
3495,1.0,0.0019,-14.0,0.095,38959,196.7739820199815,6593,0,0.0,0
3496,1.0,0.0019,-14.0,0.095,38971,196.7739820199815,6605,12,0.0,12
3497,1.0,0.0019,-14.0,0.095,38983,196.7739820199815,6617,12,0.0,12
3498,1.0,0.0019,-14.0,0.095,39031,196.7739820199815,6635,48,0.0,18
3499,1.0,0.0019,-14.0,0.095,39055,196.7739820199815,6639,24,0.0,4
3500,1.0,0.0019,-14.0,0.095,39115,196.7739820199815,6633,60,0.0,-6
3501,1.0,0.0019,-14.0,0.095,39151,196.7739820199815,6649,36,0.0,16
3502,1.0,0.0019,-14.0,0.095,39175,196.7739820199815,6655,24,0.0,6
3503,1.0,0.0019,-14.0,0.095,39187,196.7739820199815,6655,12,0.0,0
3504,1.0,0.0019,-14.0,0.095,39199,196.7739820199815,6665,12,0.0,10
3505,1.0,0.0019,-14.0,0.095,39223,196.7739820199815,6643,24,0.0,-22
3506,1.0,0.0019,-14.0,0.095,39259,196.7739820199815,6623,36,0.0,-20
3507,1.0,0.0019,-14.0,0.095,39289,198.11612756158948,6633,30,1.3421455416079766,10
3508,1.0,0.0019,-14.0,0.095,39349,198.11612756158948,6623,60,0.0,-10
3509,1.0,0.0019,-14.0,0.095,39385,198.11612756158948,6627,36,0.0,4
3510,1.0,0.0019,-14.0,0.095,39397,198.11612756158948,6633,12,0.0,6
3511,1.0,0.0019,-14.0,0.095,39409,198.11612756158948,6633,12,0.0,0
3512,1.0,0.0019,-14.0,0.095,39421,198.11612756158948,6621,12,0.0,-12
3513,1.0,0.0019,-14.0,0.095,39469,198.11612756158948,6645,48,0.0,24
3514,1.0,0.0019,-14.0,0.095,39481,198.11612756158948,6621,12,0.0,-24
3515,1.0,0.0019,-14.0,0.095,39517,198.11612756158948,6655,36,0.0,34
3516,1.0,0.0019,-14.0,0.095,39529,198.11612756158948,6667,12,0.0,12
3517,1.0,0.0019,-14.0,0.095,39541,198.11612756158948,6671,12,0.0,4
3518,1.0,0.0019,-14.0,0.095,39577,198.11612756158948,6651,36,0.0,-20
3519,1.0,0.0019,-14.0,0.095,39601,198.11612756158948,6675,24,0.0,24
3520,1.0,0.0019,-14.0,0.095,39625,198.11612756158948,6699,24,0.0,24
3521,1.0,0.0019,-14.0,0.095,39637,198.11612756158948,6709,12,0.0,10
3522,1.0,0.0019,-14.0,0.095,39649,198.11612756158948,6721,12,0.0,12
3523,1.0,0.0019,-14.0,0.095,39661,198.11612756158948,6725,12,0.0,4
3524,1.0,0.0019,-14.0,0.095,39721,198.11612756158948,6703,60,0.0,-22
3525,1.0,0.0019,-14.0,0.095,39745,198.11612756158948,6715,24,0.0,12
3526,1.0,0.0019,-14.0,0.095,39757,198.11612756158948,6707,12,0.0,-8
3527,1.0,0.0019,-14.0,0.095,39763,199.01004999748127,6713,6,0.8939224358917954,6
3528,1.0,0.0019,-14.0,0.095,39799,199.01004999748127,6717,36,0.0,4
3529,1.0,0.0019,-14.0,0.095,39823,199.01004999748127,6733,24,0.0,16
3530,1.0,0.0019,-14.0,0.095,39847,199.01004999748127,6745,24,0.0,12
3531,1.0,0.0019,-14.0,0.095,39871,199.01004999748127,6757,24,0.0,12
3532,1.0,0.0019,-14.0,0.095,39961,199.01004999748127,6717,90,0.0,-40
3533,1.0,0.0019,-14.0,0.095,39985,199.01004999748127,6731,24,0.0,14
3534,1.0,0.0019,-14.0,0.095,40009,199.01004999748127,6743,24,0.0,12
3535,1.0,0.0019,-14.0,0.095,40021,199.01004999748127,6743,12,0.0,0
3536,1.0,0.0019,-14.0,0.095,40033,199.01004999748127,6745,12,0.0,2
3537,1.0,0.0019,-14.0,0.095,40057,199.01004999748127,6767,24,0.0,22
3538,1.0,0.0019,-14.0,0.095,40057,199.01004999748127,6767,0,0.0,0
3539,1.0,0.0019,-14.0,0.095,40069,199.01004999748127,6755,12,0.0,-12
3540,1.0,0.0019,-14.0,0.095,40081,199.01004999748127,6757,12,0.0,2
3541,1.0,0.0019,-14.0,0.095,40117,199.01004999748127,6779,36,0.0,22
3542,1.0,0.0019,-14.0,0.095,40141,199.01004999748127,6791,24,0.0,12
3543,1.0,0.0019,-14.0,0.095,40177,199.01004999748127,6803,36,0.0,12
3544,1.0,0.0019,-14.0,0.095,40225,199.01004999748127,6805,48,0.0,2
3545,1.0,0.0019,-14.0,0.095,40237,199.01004999748127,6817,12,0.0,12
3546,1.0,0.0019,-14.0,0.095,40249,199.01004999748127,6817,12,0.0,0
3547,1.0,0.0019,-14.0,0.095,40279,200.35218990567586,6829,30,1.3421399081945822,12
3548,1.0,0.0019,-14.0,0.095,40315,200.35218990567586,6851,36,0.0,22
3549,1.0,0.0019,-14.0,0.095,40339,200.35218990567586,6861,24,0.0,10
3550,1.0,0.0019,-14.0,0.095,40351,200.35218990567586,6873,12,0.0,12
3551,1.0,0.0019,-14.0,0.095,40423,200.35218990567586,6883,72,0.0,10
3552,1.0,0.0019,-14.0,0.095,40459,200.35218990567586,6871,36,0.0,-12
3553,1.0,0.0019,-14.0,0.095,40531,200.35218990567586,6893,72,0.0,22
3554,1.0,0.0019,-14.0,0.095,40543,200.35218990567586,6905,12,0.0,12
3555,1.0,0.0019,-14.0,0.095,40579,200.35218990567586,6893,36,0.0,-12
3556,1.0,0.0019,-14.0,0.095,40591,200.35218990567586,6879,12,0.0,-14
3557,1.0,0.0019,-14.0,0.095,40627,200.35218990567586,6895,36,0.0,16
3558,1.0,0.0019,-14.0,0.095,40675,200.35218990567586,6917,48,0.0,22
3559,1.0,0.0019,-14.0,0.095,40723,200.35218990567586,6919,48,0.0,2
3560,1.0,0.0019,-14.0,0.095,40747,200.35218990567586,6925,24,0.0,6
3561,1.0,0.0019,-14.0,0.095,40783,200.35218990567586,6907,36,0.0,-18
3562,1.0,0.0019,-14.0,0.095,40795,200.35218990567586,6903,12,0.0,-4
3563,1.0,0.0019,-14.0,0.095,40807,200.35218990567586,6903,12,0.0,0
3564,1.0,0.0019,-14.0,0.095,40843,200.35218990567586,6903,36,0.0,0
3565,1.0,0.0019,-14.0,0.095,40879,200.35218990567586,6919,36,0.0,16
3566,1.0,0.0019,-14.0,0.095,40903,200.35218990567586,6921,24,0.0,2
3567,1.0,0.0019,-14.0,0.095,40909,201.24611797498108,6927,6,0.8939280693052183,6
3568,1.0,0.0019,-14.0,0.095,40921,201.24611797498108,6933,12,0.0,6
3569,1.0,0.0019,-14.0,0.095,40933,201.24611797498108,6933,12,0.0,0
3570,1.0,0.0019,-14.0,0.095,40945,201.24611797498108,6945,12,0.0,12
3571,1.0,0.0019,-14.0,0.095,40981,201.24611797498108,6961,36,0.0,16
3572,1.0,0.0019,-14.0,0.095,41041,201.24611797498108,6979,60,0.0,18
3573,1.0,0.0019,-14.0,0.095,41065,201.24611797498108,6967,24,0.0,-12
3574,1.0,0.0019,-14.0,0.095,41113,201.24611797498108,6961,48,0.0,-6
3575,1.0,0.0019,-14.0,0.095,41125,201.24611797498108,6973,12,0.0,12
3576,1.0,0.0019,-14.0,0.095,41197,201.24611797498108,6985,72,0.0,12
3577,1.0,0.0019,-14.0,0.095,41257,201.24611797498108,7027,60,0.0,42
3578,1.0,0.0019,-14.0,0.095,41257,201.24611797498108,7027,0,0.0,0
3579,1.0,0.0019,-14.0,0.095,41257,201.24611797498108,7027,0,0.0,0
3580,1.0,0.0019,-14.0,0.095,41281,201.24611797498108,7035,24,0.0,8
3581,1.0,0.0019,-14.0,0.095,41293,201.24611797498108,7047,12,0.0,12
3582,1.0,0.0019,-14.0,0.095,41305,201.24611797498108,7035,12,0.0,-12
3583,1.0,0.0019,-14.0,0.095,41317,201.24611797498108,7045,12,0.0,10
3584,1.0,0.0019,-14.0,0.095,41365,201.24611797498108,7003,48,0.0,-42
3585,1.0,0.0019,-14.0,0.095,41389,201.24611797498108,6971,24,0.0,-32
3586,1.0,0.0019,-14.0,0.095,41413,201.24611797498108,6993,24,0.0,22
3587,1.0,0.0019,-14.0,0.095,41443,202.58825237411966,7013,30,1.3421343991385868,20
3588,1.0,0.0019,-14.0,0.095,41491,202.58825237411966,7009,48,0.0,-4
3589,1.0,0.0019,-14.0,0.095,41503,202.58825237411966,7009,12,0.0,0
3590,1.0,0.0019,-14.0,0.095,41515,202.58825237411966,7021,12,0.0,12
3591,1.0,0.0019,-14.0,0.095,41539,202.58825237411966,7007,24,0.0,-14
3592,1.0,0.0019,-14.0,0.095,41563,202.58825237411966,7019,24,0.0,12
3593,1.0,0.0019,-14.0,0.095,41563,202.58825237411966,7019,0,0.0,0
3594,1.0,0.0019,-14.0,0.095,41587,202.58825237411966,7041,24,0.0,22
3595,1.0,0.0019,-14.0,0.095,41635,202.58825237411966,7063,48,0.0,22
3596,1.0,0.0019,-14.0,0.095,41647,202.58825237411966,7075,12,0.0,12
3597,1.0,0.0019,-14.0,0.095,41683,202.58825237411966,7059,36,0.0,-16
3598,1.0,0.0019,-14.0,0.095,41743,202.58825237411966,7019,60,0.0,-40
3599,1.0,0.0019,-14.0,0.095,41767,202.58825237411966,7023,24,0.0,4
3600,1.0,0.0019,-14.0,0.095,41815,202.58825237411966,7035,48,0.0,12
3601,1.0,0.0019,-14.0,0.095,41815,202.58825237411966,7035,0,0.0,0
3602,1.0,0.0019,-14.0,0.095,41851,202.58825237411966,7021,36,0.0,-14
3603,1.0,0.0019,-14.0,0.095,41863,202.58825237411966,7021,12,0.0,0
3604,1.0,0.0019,-14.0,0.095,41911,202.58825237411966,7049,48,0.0,28
3605,1.0,0.0019,-14.0,0.095,41935,202.58825237411966,7065,24,0.0,16
3606,1.0,0.0019,-14.0,0.095,41971,202.58825237411966,7041,36,0.0,-24
3607,1.0,0.0019,-14.0,0.095,42061,203.48218595248088,7021,90,0.8939335783612137,-20
3608,1.0,0.0019,-14.0,0.095,42121,203.48218595248088,7043,60,0.0,22
3609,1.0,0.0019,-14.0,0.095,42145,203.48218595248088,7059,24,0.0,16
3610,1.0,0.0019,-14.0,0.095,42145,203.48218595248088,7059,0,0.0,0
3611,1.0,0.0019,-14.0,0.095,42229,203.48218595248088,7073,84,0.0,14
3612,1.0,0.0019,-14.0,0.095,42265,203.48218595248088,7067,36,0.0,-6
3613,1.0,0.0019,-14.0,0.095,42277,203.48218595248088,7077,12,0.0,10
3614,1.0,0.0019,-14.0,0.095,42289,203.48218595248088,7085,12,0.0,8
3615,1.0,0.0019,-14.0,0.095,42301,203.48218595248088,7097,12,0.0,12
3616,1.0,0.0019,-14.0,0.095,42325,203.48218595248088,7097,24,0.0,0
3617,1.0,0.0019,-14.0,0.095,42385,203.48218595248088,7117,60,0.0,20
3618,1.0,0.0019,-14.0,0.095,42433,203.48218595248088,7129,48,0.0,12
3619,1.0,0.0019,-14.0,0.095,42445,203.48218595248088,7125,12,0.0,-4
3620,1.0,0.0019,-14.0,0.095,42505,203.48218595248088,7139,60,0.0,14
3621,1.0,0.0019,-14.0,0.095,42565,203.48218595248088,7111,60,0.0,-28
3622,1.0,0.0019,-14.0,0.095,42601,203.48218595248088,7101,36,0.0,-10
3623,1.0,0.0019,-14.0,0.095,42661,203.48218595248088,7161,60,0.0,60
3624,1.0,0.0019,-14.0,0.095,42673,203.48218595248088,7161,12,0.0,0
3625,1.0,0.0019,-14.0,0.095,42697,203.48218595248088,7173,24,0.0,12
3626,1.0,0.0019,-14.0,0.095,42733,203.48218595248088,7185,36,0.0,12
3627,1.0,0.0019,-14.0,0.095,42775,204.8243149628481,7191,42,1.3421290103672163,6
3628,1.0,0.0019,-14.0,0.095,42799,204.8243149628481,7177,24,0.0,-14
3629,1.0,0.0019,-14.0,0.095,42811,204.8243149628481,7181,12,0.0,4
3630,1.0,0.0019,-14.0,0.095,42835,204.8243149628481,7185,24,0.0,4
3631,1.0,0.0019,-14.0,0.095,42847,204.8243149628481,7185,12,0.0,0
3632,1.0,0.0019,-14.0,0.095,42847,204.8243149628481,7185,0,0.0,0
3633,1.0,0.0019,-14.0,0.095,42883,204.8243149628481,7199,36,0.0,14
3634,1.0,0.0019,-14.0,0.095,42931,204.8243149628481,7189,48,0.0,-10
3635,1.0,0.0019,-14.0,0.095,42943,204.8243149628481,7191,12,0.0,2
3636,1.0,0.0019,-14.0,0.095,42979,204.8243149628481,7203,36,0.0,12
3637,1.0,0.0019,-14.0,0.095,43015,204.8243149628481,7199,36,0.0,-4
3638,1.0,0.0019,-14.0,0.095,43039,204.8243149628481,7187,24,0.0,-12
3639,1.0,0.0019,-14.0,0.095,43051,204.8243149628481,7199,12,0.0,12
3640,1.0,0.0019,-14.0,0.095,43087,204.8243149628481,7217,36,0.0,18
3641,1.0,0.0019,-14.0,0.095,43099,204.8243149628481,7193,12,0.0,-24
3642,1.0,0.0019,-14.0,0.095,43135,204.8243149628481,7191,36,0.0,-2
3643,1.0,0.0019,-14.0,0.095,43147,204.8243149628481,7203,12,0.0,12
3644,1.0,0.0019,-14.0,0.095,43159,204.8243149628481,7209,12,0.0,6
3645,1.0,0.0019,-14.0,0.095,43195,204.8243149628481,7215,36,0.0,6
3646,1.0,0.0019,-14.0,0.095,43243,204.8243149628481,7215,48,0.0,0
3647,1.0,0.0019,-14.0,0.095,43297,205.71825392998065,7245,54,0.8939389671325557,30
3648,1.0,0.0019,-14.0,0.095,43333,205.71825392998065,7241,36,0.0,-4
3649,1.0,0.0019,-14.0,0.095,43357,205.71825392998065,7221,24,0.0,-20
3650,1.0,0.0019,-14.0,0.095,43417,205.71825392998065,7217,60,0.0,-4
3651,1.0,0.0019,-14.0,0.095,43453,205.71825392998065,7235,36,0.0,18
3652,1.0,0.0019,-14.0,0.095,43477,205.71825392998065,7237,24,0.0,2
3653,1.0,0.0019,-14.0,0.095,43513,205.71825392998065,7255,36,0.0,18
3654,1.0,0.0019,-14.0,0.095,43513,205.71825392998065,7255,0,0.0,0
3655,1.0,0.0019,-14.0,0.095,43513,205.71825392998065,7255,0,0.0,0
3656,1.0,0.0019,-14.0,0.095,43525,205.71825392998065,7267,12,0.0,12
3657,1.0,0.0019,-14.0,0.095,43537,205.71825392998065,7269,12,0.0,2
3658,1.0,0.0019,-14.0,0.095,43537,205.71825392998065,7269,0,0.0,0
3659,1.0,0.0019,-14.0,0.095,43561,205.71825392998065,7279,24,0.0,10
3660,1.0,0.0019,-14.0,0.095,43585,205.71825392998065,7271,24,0.0,-8
3661,1.0,0.0019,-14.0,0.095,43603,205.71825392998065,7253,18,0.0,-18
3662,1.0,0.0019,-14.0,0.095,43651,205.71825392998065,7227,48,0.0,-26
3663,1.0,0.0019,-14.0,0.095,43687,205.71825392998065,7207,36,0.0,-20
3664,1.0,0.0019,-14.0,0.095,43759,205.71825392998065,7223,72,0.0,16
3665,1.0,0.0019,-14.0,0.095,43795,205.71825392998065,7237,36,0.0,14
3666,1.0,0.0019,-14.0,0.095,43831,205.71825392998065,7217,36,0.0,-20
3667,1.0,0.0019,-14.0,0.095,43933,207.06037766796427,7257,102,1.342123737983627,40
3668,1.0,0.0019,-14.0,0.095,43957,207.06037766796427,7271,24,0.0,14
3669,1.0,0.0019,-14.0,0.095,43957,207.06037766796427,7271,0,0.0,0
3670,1.0,0.0019,-14.0,0.095,43993,207.06037766796427,7279,36,0.0,8
3671,1.0,0.0019,-14.0,0.095,44017,207.06037766796427,7283,24,0.0,4
3672,1.0,0.0019,-14.0,0.095,44029,207.06037766796427,7293,12,0.0,10
3673,1.0,0.0019,-14.0,0.095,44053,207.06037766796427,7293,24,0.0,0
3674,1.0,0.0019,-14.0,0.095,44101,207.06037766796427,7263,48,0.0,-30
3675,1.0,0.0019,-14.0,0.095,44113,207.06037766796427,7275,12,0.0,12
3676,1.0,0.0019,-14.0,0.095,44161,207.06037766796427,7247,48,0.0,-28
3677,1.0,0.0019,-14.0,0.095,44197,207.06037766796427,7259,36,0.0,12
3678,1.0,0.0019,-14.0,0.095,44269,207.06037766796427,7281,72,0.0,22
3679,1.0,0.0019,-14.0,0.095,44293,207.06037766796427,7263,24,0.0,-18
3680,1.0,0.0019,-14.0,0.095,44305,207.06037766796427,7243,12,0.0,-20
3681,1.0,0.0019,-14.0,0.095,44341,207.06037766796427,7241,36,0.0,-2
3682,1.0,0.0019,-14.0,0.095,44365,207.06037766796427,7255,24,0.0,14
3683,1.0,0.0019,-14.0,0.095,44401,207.06037766796427,7209,36,0.0,-46
3684,1.0,0.0019,-14.0,0.095,44401,207.06037766796427,7209,0,0.0,0
3685,1.0,0.0019,-14.0,0.095,44413,207.06037766796427,7189,12,0.0,-20
3686,1.0,0.0019,-14.0,0.095,44437,207.06037766796427,7193,24,0.0,4
3687,1.0,0.0019,-14.0,0.095,44455,207.95432190748045,7179,18,0.8939442395161734,-14
3688,1.0,0.0019,-14.0,0.095,44479,207.95432190748045,7187,24,0.0,8
3689,1.0,0.0019,-14.0,0.095,44503,207.95432190748045,7183,24,0.0,-4
3690,1.0,0.0019,-14.0,0.095,44503,207.95432190748045,7183,0,0.0,0
3691,1.0,0.0019,-14.0,0.095,44539,207.95432190748045,7195,36,0.0,12
3692,1.0,0.0019,-14.0,0.095,44563,207.95432190748045,7183,24,0.0,-12
3693,1.0,0.0019,-14.0,0.095,44575,207.95432190748045,7183,12,0.0,0
3694,1.0,0.0019,-14.0,0.095,44575,207.95432190748045,7183,0,0.0,0
3695,1.0,0.0019,-14.0,0.095,44623,207.95432190748045,7169,48,0.0,-14
3696,1.0,0.0019,-14.0,0.095,44653,207.95432190748045,7157,30,0.0,-12
3697,1.0,0.0019,-14.0,0.095,44713,207.95432190748045,7183,60,0.0,26
3698,1.0,0.0019,-14.0,0.095,44737,207.95432190748045,7163,24,0.0,-20
3699,1.0,0.0019,-14.0,0.095,44737,207.95432190748045,7163,0,0.0,0
3700,1.0,0.0019,-14.0,0.095,44785,207.95432190748045,7161,48,0.0,-2
3701,1.0,0.0019,-14.0,0.095,44833,207.95432190748045,7167,48,0.0,6
3702,1.0,0.0019,-14.0,0.095,44869,207.95432190748045,7153,36,0.0,-14
3703,1.0,0.0019,-14.0,0.095,44917,207.95432190748045,7149,48,0.0,-4
3704,1.0,0.0019,-14.0,0.095,44929,207.95432190748045,7159,12,0.0,10
3705,1.0,0.0019,-14.0,0.095,44965,207.95432190748045,7183,36,0.0,24
3706,1.0,0.0019,-14.0,0.095,45013,207.95432190748045,7195,48,0.0,12
3707,1.0,0.0019,-14.0,0.095,45031,209.29644048573783,7201,18,1.3421185782573843,6
3708,1.0,0.0019,-14.0,0.095,45115,209.29644048573783,7227,84,0.0,26
3709,1.0,0.0019,-14.0,0.095,45127,209.29644048573783,7237,12,0.0,10
3710,1.0,0.0019,-14.0,0.095,45151,209.29644048573783,7247,24,0.0,10
3711,1.0,0.0019,-14.0,0.095,45187,209.29644048573783,7269,36,0.0,22
3712,1.0,0.0019,-14.0,0.095,45259,209.29644048573783,7263,72,0.0,-6
3713,1.0,0.0019,-14.0,0.095,45283,209.29644048573783,7275,24,0.0,12
3714,1.0,0.0019,-14.0,0.095,45295,209.29644048573783,7287,12,0.0,12
3715,1.0,0.0019,-14.0,0.095,45319,209.29644048573783,7287,24,0.0,0
3716,1.0,0.0019,-14.0,0.095,45331,209.29644048573783,7287,12,0.0,0
3717,1.0,0.0019,-14.0,0.095,45343,209.29644048573783,7299,12,0.0,12
3718,1.0,0.0019,-14.0,0.095,45391,209.29644048573783,7307,48,0.0,8
3719,1.0,0.0019,-14.0,0.095,45439,209.29644048573783,7309,48,0.0,2
3720,1.0,0.0019,-14.0,0.095,45475,209.29644048573783,7339,36,0.0,30
3721,1.0,0.0019,-14.0,0.095,45535,209.29644048573783,7369,60,0.0,30
3722,1.0,0.0019,-14.0,0.095,45607,209.29644048573783,7399,72,0.0,30
3723,1.0,0.0019,-14.0,0.095,45631,209.29644048573783,7381,24,0.0,-18
3724,1.0,0.0019,-14.0,0.095,45667,209.29644048573783,7393,36,0.0,12
3725,1.0,0.0019,-14.0,0.095,45679,209.29644048573783,7405,12,0.0,12
3726,1.0,0.0019,-14.0,0.095,45679,209.29644048573783,7405,0,0.0,0
3727,1.0,0.0019,-14.0,0.095,45697,210.19038988498022,7417,18,0.8939493992423877,12
3728,1.0,0.0019,-14.0,0.095,45721,210.19038988498022,7407,24,0.0,-10
3729,1.0,0.0019,-14.0,0.095,45745,210.19038988498022,7419,24,0.0,12
3730,1.0,0.0019,-14.0,0.095,45793,210.19038988498022,7435,48,0.0,16
3731,1.0,0.0019,-14.0,0.095,45805,210.19038988498022,7447,12,0.0,12
3732,1.0,0.0019,-14.0,0.095,45805,210.19038988498022,7447,0,0.0,0
3733,1.0,0.0019,-14.0,0.095,45829,210.19038988498022,7425,24,0.0,-22
3734,1.0,0.0019,-14.0,0.095,45853,210.19038988498022,7405,24,0.0,-20
3735,1.0,0.0019,-14.0,0.095,45889,210.19038988498022,7407,36,0.0,2
3736,1.0,0.0019,-14.0,0.095,45925,210.19038988498022,7431,36,0.0,24
3737,1.0,0.0019,-14.0,0.095,45937,210.19038988498022,7411,12,0.0,-20
3738,1.0,0.0019,-14.0,0.095,45961,210.19038988498022,7413,24,0.0,2
3739,1.0,0.0019,-14.0,0.095,45985,210.19038988498022,7429,24,0.0,16
3740,1.0,0.0019,-14.0,0.095,46021,210.19038988498022,7439,36,0.0,10
3741,1.0,0.0019,-14.0,0.095,46033,210.19038988498022,7439,12,0.0,0
3742,1.0,0.0019,-14.0,0.095,46069,210.19038988498022,7445,36,0.0,6
3743,1.0,0.0019,-14.0,0.095,46093,210.19038988498022,7453,24,0.0,8
3744,1.0,0.0019,-14.0,0.095,46105,210.19038988498022,7455,12,0.0,2
3745,1.0,0.0019,-14.0,0.095,46165,210.19038988498022,7427,60,0.0,-28
3746,1.0,0.0019,-14.0,0.095,46201,210.19038988498022,7445,36,0.0,18
3747,1.0,0.0019,-14.0,0.095,46231,211.53250341259616,7457,30,1.3421135276159362,12
3748,1.0,0.0019,-14.0,0.095,46267,211.53250341259616,7463,36,0.0,6
3749,1.0,0.0019,-14.0,0.095,46291,211.53250341259616,7467,24,0.0,4
3750,1.0,0.0019,-14.0,0.095,46327,211.53250341259616,7467,36,0.0,0
3751,1.0,0.0019,-14.0,0.095,46363,211.53250341259616,7451,36,0.0,-16
3752,1.0,0.0019,-14.0,0.095,46363,211.53250341259616,7451,0,0.0,0
3753,1.0,0.0019,-14.0,0.095,46411,211.53250341259616,7433,48,0.0,-18
3754,1.0,0.0019,-14.0,0.095,46447,211.53250341259616,7447,36,0.0,14
3755,1.0,0.0019,-14.0,0.095,46471,211.53250341259616,7469,24,0.0,22
3756,1.0,0.0019,-14.0,0.095,46495,211.53250341259616,7493,24,0.0,24
3757,1.0,0.0019,-14.0,0.095,46495,211.53250341259616,7493,0,0.0,0
3758,1.0,0.0019,-14.0,0.095,46519,211.53250341259616,7477,24,0.0,-16
3759,1.0,0.0019,-14.0,0.095,46531,211.53250341259616,7489,12,0.0,12
3760,1.0,0.0019,-14.0,0.095,46555,211.53250341259616,7477,24,0.0,-12
3761,1.0,0.0019,-14.0,0.095,46567,211.53250341259616,7487,12,0.0,10
3762,1.0,0.0019,-14.0,0.095,46591,211.53250341259616,7501,24,0.0,14
3763,1.0,0.0019,-14.0,0.095,46603,211.53250341259616,7501,12,0.0,0
3764,1.0,0.0019,-14.0,0.095,46627,211.53250341259616,7503,24,0.0,2
3765,1.0,0.0019,-14.0,0.095,46639,211.53250341259616,7503,12,0.0,0
3766,1.0,0.0019,-14.0,0.095,46651,211.53250341259616,7495,12,0.0,-8
3767,1.0,0.0019,-14.0,0.095,46657,212.42645786248002,7501,6,0.8939544498838643,6
3768,1.0,0.0019,-14.0,0.095,46705,212.42645786248002,7505,48,0.0,4
3769,1.0,0.0019,-14.0,0.095,46729,212.42645786248002,7529,24,0.0,24
3770,1.0,0.0019,-14.0,0.095,46765,212.42645786248002,7563,36,0.0,34
3771,1.0,0.0019,-14.0,0.095,46777,212.42645786248002,7575,12,0.0,12
3772,1.0,0.0019,-14.0,0.095,46813,212.42645786248002,7575,36,0.0,0
3773,1.0,0.0019,-14.0,0.095,46837,212.42645786248002,7573,24,0.0,-2
3774,1.0,0.0019,-14.0,0.095,46861,212.42645786248002,7593,24,0.0,20
3775,1.0,0.0019,-14.0,0.095,46873,212.42645786248002,7603,12,0.0,10
3776,1.0,0.0019,-14.0,0.095,46909,212.42645786248002,7587,36,0.0,-16
3777,1.0,0.0019,-14.0,0.095,46945,212.42645786248002,7583,36,0.0,-4
3778,1.0,0.0019,-14.0,0.095,46957,212.42645786248002,7583,12,0.0,0
3779,1.0,0.0019,-14.0,0.095,46969,212.42645786248002,7571,12,0.0,-12
3780,1.0,0.0019,-14.0,0.095,46993,212.42645786248002,7587,24,0.0,16
3781,1.0,0.0019,-14.0,0.095,47041,212.42645786248002,7607,48,0.0,20
3782,1.0,0.0019,-14.0,0.095,47053,212.42645786248002,7619,12,0.0,12
3783,1.0,0.0019,-14.0,0.095,47065,212.42645786248002,7619,12,0.0,0
3784,1.0,0.0019,-14.0,0.095,47089,212.42645786248002,7623,24,0.0,4
3785,1.0,0.0019,-14.0,0.095,47101,212.42645786248002,7635,12,0.0,12
3786,1.0,0.0019,-14.0,0.095,47113,212.42645786248002,7635,12,0.0,0
3787,1.0,0.0019,-14.0,0.095,47131,213.76856644511605,7647,18,1.3421085826360297,12
3788,1.0,0.0019,-14.0,0.095,47143,213.76856644511605,7659,12,0.0,12
3789,1.0,0.0019,-14.0,0.095,47179,213.76856644511605,7645,36,0.0,-14
3790,1.0,0.0019,-14.0,0.095,47203,213.76856644511605,7657,24,0.0,12
3791,1.0,0.0019,-14.0,0.095,47263,213.76856644511605,7659,60,0.0,2
3792,1.0,0.0019,-14.0,0.095,47287,213.76856644511605,7643,24,0.0,-16
3793,1.0,0.0019,-14.0,0.095,47299,213.76856644511605,7631,12,0.0,-12
3794,1.0,0.0019,-14.0,0.095,47311,213.76856644511605,7643,12,0.0,12
3795,1.0,0.0019,-14.0,0.095,47323,213.76856644511605,7655,12,0.0,12
3796,1.0,0.0019,-14.0,0.095,47359,213.76856644511605,7653,36,0.0,-2
3797,1.0,0.0019,-14.0,0.095,47431,213.76856644511605,7647,72,0.0,-6
3798,1.0,0.0019,-14.0,0.095,47479,213.76856644511605,7641,48,0.0,-6
3799,1.0,0.0019,-14.0,0.095,47527,213.76856644511605,7639,48,0.0,-2
3800,1.0,0.0019,-14.0,0.095,47551,213.76856644511605,7659,24,0.0,20
3801,1.0,0.0019,-14.0,0.095,47623,213.76856644511605,7683,72,0.0,24
3802,1.0,0.0019,-14.0,0.095,47659,213.76856644511605,7683,36,0.0,0
3803,1.0,0.0019,-14.0,0.095,47683,213.76856644511605,7693,24,0.0,10
3804,1.0,0.0019,-14.0,0.095,47695,213.76856644511605,7693,12,0.0,0
3805,1.0,0.0019,-14.0,0.095,47731,213.76856644511605,7699,36,0.0,6
3806,1.0,0.0019,-14.0,0.095,47743,213.76856644511605,7711,12,0.0,12
3807,1.0,0.0019,-14.0,0.095,47761,214.66252583997982,7729,18,0.8939593948637707,18
3808,1.0,0.0019,-14.0,0.095,47809,214.66252583997982,7735,48,0.0,6
3809,1.0,0.0019,-14.0,0.095,47809,214.66252583997982,7735,0,0.0,0
3810,1.0,0.0019,-14.0,0.095,47809,214.66252583997982,7735,0,0.0,0
3811,1.0,0.0019,-14.0,0.095,47845,214.66252583997982,7747,36,0.0,12
3812,1.0,0.0019,-14.0,0.095,47929,214.66252583997982,7747,84,0.0,0
3813,1.0,0.0019,-14.0,0.095,47953,214.66252583997982,7751,24,0.0,4
3814,1.0,0.0019,-14.0,0.095,47989,214.66252583997982,7741,36,0.0,-10
3815,1.0,0.0019,-14.0,0.095,48025,214.66252583997982,7755,36,0.0,14
3816,1.0,0.0019,-14.0,0.095,48097,214.66252583997982,7753,72,0.0,-2
3817,1.0,0.0019,-14.0,0.095,48121,214.66252583997982,7765,24,0.0,12
3818,1.0,0.0019,-14.0,0.095,48133,214.66252583997982,7769,12,0.0,4
3819,1.0,0.0019,-14.0,0.095,48133,214.66252583997982,7769,0,0.0,0
3820,1.0,0.0019,-14.0,0.095,48133,214.66252583997982,7769,0,0.0,0
3821,1.0,0.0019,-14.0,0.095,48157,214.66252583997982,7773,24,0.0,4
3822,1.0,0.0019,-14.0,0.095,48181,214.66252583997982,7769,24,0.0,-4
3823,1.0,0.0019,-14.0,0.095,48205,214.66252583997982,7779,24,0.0,10
3824,1.0,0.0019,-14.0,0.095,48265,214.66252583997982,7713,60,0.0,-66
3825,1.0,0.0019,-14.0,0.095,48277,214.66252583997982,7715,12,0.0,2
3826,1.0,0.0019,-14.0,0.095,48289,214.66252583997982,7727,12,0.0,12
3827,1.0,0.0019,-14.0,0.095,48295,216.00462958001617,7733,6,1.3421037400363502,6
3828,1.0,0.0019,-14.0,0.095,48331,216.00462958001617,7749,36,0.0,16
3829,1.0,0.0019,-14.0,0.095,48355,216.00462958001617,7749,24,0.0,0
3830,1.0,0.0019,-14.0,0.095,48355,216.00462958001617,7749,0,0.0,0
3831,1.0,0.0019,-14.0,0.095,48379,216.00462958001617,7745,24,0.0,-4
3832,1.0,0.0019,-14.0,0.095,48427,216.00462958001617,7779,48,0.0,34
3833,1.0,0.0019,-14.0,0.095,48427,216.00462958001617,7779,0,0.0,0
3834,1.0,0.0019,-14.0,0.095,48439,216.00462958001617,7791,12,0.0,12
3835,1.0,0.0019,-14.0,0.095,48475,216.00462958001617,7783,36,0.0,-8
3836,1.0,0.0019,-14.0,0.095,48511,216.00462958001617,7773,36,0.0,-10
3837,1.0,0.0019,-14.0,0.095,48583,216.00462958001617,7737,72,0.0,-36
3838,1.0,0.0019,-14.0,0.095,48655,216.00462958001617,7707,72,0.0,-30
3839,1.0,0.0019,-14.0,0.095,48691,216.00462958001617,7711,36,0.0,4
3840,1.0,0.0019,-14.0,0.095,48739,216.00462958001617,7723,48,0.0,12
3841,1.0,0.0019,-14.0,0.095,48751,216.00462958001617,7735,12,0.0,12
3842,1.0,0.0019,-14.0,0.095,48775,216.00462958001617,7735,24,0.0,0
3843,1.0,0.0019,-14.0,0.095,48817,216.00462958001617,7729,42,0.0,-6
3844,1.0,0.0019,-14.0,0.095,48853,216.00462958001617,7755,36,0.0,26
3845,1.0,0.0019,-14.0,0.095,48889,216.00462958001617,7757,36,0.0,2
3846,1.0,0.0019,-14.0,0.095,48913,216.00462958001617,7759,24,0.0,2
3847,1.0,0.0019,-14.0,0.095,48979,216.8985938174796,7783,66,0.8939642374634218,24
3848,1.0,0.0019,-14.0,0.095,49027,216.8985938174796,7817,48,0.0,34
3849,1.0,0.0019,-14.0,0.095,49051,216.8985938174796,7829,24,0.0,12
3850,1.0,0.0019,-14.0,0.095,49075,216.8985938174796,7851,24,0.0,22
3851,1.0,0.0019,-14.0,0.095,49087,216.8985938174796,7853,12,0.0,2
3852,1.0,0.0019,-14.0,0.095,49111,216.8985938174796,7831,24,0.0,-22
3853,1.0,0.0019,-14.0,0.095,49159,216.8985938174796,7841,48,0.0,10
3854,1.0,0.0019,-14.0,0.095,49159,216.8985938174796,7841,0,0.0,0
3855,1.0,0.0019,-14.0,0.095,49183,216.8985938174796,7841,24,0.0,0
3856,1.0,0.0019,-14.0,0.095,49183,216.8985938174796,7841,0,0.0,0
3857,1.0,0.0019,-14.0,0.095,49207,216.8985938174796,7845,24,0.0,4
3858,1.0,0.0019,-14.0,0.095,49231,216.8985938174796,7857,24,0.0,12
3859,1.0,0.0019,-14.0,0.095,49231,216.8985938174796,7857,0,0.0,0
3860,1.0,0.0019,-14.0,0.095,49279,216.8985938174796,7859,48,0.0,2
3861,1.0,0.0019,-14.0,0.095,49303,216.8985938174796,7871,24,0.0,12
3862,1.0,0.0019,-14.0,0.095,49315,216.8985938174796,7881,12,0.0,10
3863,1.0,0.0019,-14.0,0.095,49399,216.8985938174796,7953,84,0.0,72
3864,1.0,0.0019,-14.0,0.095,49423,216.8985938174796,7961,24,0.0,8
3865,1.0,0.0019,-14.0,0.095,49435,216.8985938174796,7973,12,0.0,12
3866,1.0,0.0019,-14.0,0.095,49459,216.8985938174796,7973,24,0.0,0
3867,1.0,0.0019,-14.0,0.095,49525,218.24069281414958,7955,66,1.3420989966699892,-18
3868,1.0,0.0019,-14.0,0.095,49549,218.24069281414958,7957,24,0.0,2
3869,1.0,0.0019,-14.0,0.095,49597,218.24069281414958,7973,48,0.0,16
3870,1.0,0.0019,-14.0,0.095,49633,218.24069281414958,7951,36,0.0,-22
3871,1.0,0.0019,-14.0,0.095,49633,218.24069281414958,7951,0,0.0,0
3872,1.0,0.0019,-14.0,0.095,49645,218.24069281414958,7951,12,0.0,0
3873,1.0,0.0019,-14.0,0.095,49705,218.24069281414958,7971,60,0.0,20
3874,1.0,0.0019,-14.0,0.095,49741,218.24069281414958,7975,36,0.0,4
3875,1.0,0.0019,-14.0,0.095,49777,218.24069281414958,7987,36,0.0,12
3876,1.0,0.0019,-14.0,0.095,49813,218.24069281414958,7993,36,0.0,6
3877,1.0,0.0019,-14.0,0.095,49837,218.24069281414958,7989,24,0.0,-4
3878,1.0,0.0019,-14.0,0.095,49873,218.24069281414958,7987,36,0.0,-2
3879,1.0,0.0019,-14.0,0.095,49921,218.24069281414958,7999,48,0.0,12
3880,1.0,0.0019,-14.0,0.095,49945,218.24069281414958,8011,24,0.0,12
3881,1.0,0.0019,-14.0,0.095,49981,218.24069281414958,7965,36,0.0,-46
3882,1.0,0.0019,-14.0,0.095,50017,218.24069281414958,7953,36,0.0,-12
3883,1.0,0.0019,-14.0,0.095,50029,218.24069281414958,7945,12,0.0,-8
3884,1.0,0.0019,-14.0,0.095,50065,218.24069281414958,7933,36,0.0,-12
3885,1.0,0.0019,-14.0,0.095,50101,218.24069281414958,7955,36,0.0,22
3886,1.0,0.0019,-14.0,0.095,50137,218.24069281414958,7927,36,0.0,-28
3887,1.0,0.0019,-14.0,0.095,50203,219.1346617949794,7929,66,0.8939689808298112,2
3888,1.0,0.0019,-14.0,0.095,50227,219.1346617949794,7945,24,0.0,16
3889,1.0,0.0019,-14.0,0.095,50251,219.1346617949794,7905,24,0.0,-40
3890,1.0,0.0019,-14.0,0.095,50311,219.1346617949794,7915,60,0.0,10
3891,1.0,0.0019,-14.0,0.095,50359,219.1346617949794,7917,48,0.0,2
3892,1.0,0.0019,-14.0,0.095,50371,219.1346617949794,7917,12,0.0,0
3893,1.0,0.0019,-14.0,0.095,50407,219.1346617949794,7933,36,0.0,16
3894,1.0,0.0019,-14.0,0.095,50431,219.1346617949794,7939,24,0.0,6
3895,1.0,0.0019,-14.0,0.095,50431,219.1346617949794,7939,0,0.0,0
3896,1.0,0.0019,-14.0,0.095,50455,219.1346617949794,7937,24,0.0,-2
3897,1.0,0.0019,-14.0,0.095,50467,219.1346617949794,7939,12,0.0,2
3898,1.0,0.0019,-14.0,0.095,50503,219.1346617949794,7927,36,0.0,-12
3899,1.0,0.0019,-14.0,0.095,50527,219.1346617949794,7929,24,0.0,2
3900,1.0,0.0019,-14.0,0.095,50539,219.1346617949794,7933,12,0.0,4
3901,1.0,0.0019,-14.0,0.095,50539,219.1346617949794,7933,0,0.0,0
3902,1.0,0.0019,-14.0,0.095,50587,219.1346617949794,7917,48,0.0,-16
3903,1.0,0.0019,-14.0,0.095,50635,219.1346617949794,7927,48,0.0,10
3904,1.0,0.0019,-14.0,0.095,50671,219.1346617949794,7919,36,0.0,-8
3905,1.0,0.0019,-14.0,0.095,50743,219.1346617949794,7943,72,0.0,24
3906,1.0,0.0019,-14.0,0.095,50779,219.1346617949794,7965,36,0.0,22
3907,1.0,0.0019,-14.0,0.095,50893,220.47675614449702,8011,114,1.3420943495176232,46
3908,1.0,0.0019,-14.0,0.095,50917,220.47675614449702,8023,24,0.0,12
3909,1.0,0.0019,-14.0,0.095,50941,220.47675614449702,8035,24,0.0,12
3910,1.0,0.0019,-14.0,0.095,50989,220.47675614449702,7997,48,0.0,-38
3911,1.0,0.0019,-14.0,0.095,51001,220.47675614449702,8007,12,0.0,10
3912,1.0,0.0019,-14.0,0.095,51013,220.47675614449702,8017,12,0.0,10
3913,1.0,0.0019,-14.0,0.095,51061,220.47675614449702,8021,48,0.0,4
3914,1.0,0.0019,-14.0,0.095,51097,220.47675614449702,8043,36,0.0,22
3915,1.0,0.0019,-14.0,0.095,51109,220.47675614449702,8053,12,0.0,10
3916,1.0,0.0019,-14.0,0.095,51163,220.47675614449702,8001,54,0.0,-52
3917,1.0,0.0019,-14.0,0.095,51187,220.47675614449702,8001,24,0.0,0
3918,1.0,0.0019,-14.0,0.095,51235,220.47675614449702,8037,48,0.0,36
3919,1.0,0.0019,-14.0,0.095,51247,220.47675614449702,8017,12,0.0,-20
3920,1.0,0.0019,-14.0,0.095,51295,220.47675614449702,8019,48,0.0,2
3921,1.0,0.0019,-14.0,0.095,51319,220.47675614449702,8005,24,0.0,-14
3922,1.0,0.0019,-14.0,0.095,51331,220.47675614449702,8015,12,0.0,10
3923,1.0,0.0019,-14.0,0.095,51367,220.47675614449702,7977,36,0.0,-38
3924,1.0,0.0019,-14.0,0.095,51379,220.47675614449702,7987,12,0.0,10
3925,1.0,0.0019,-14.0,0.095,51403,220.47675614449702,7995,24,0.0,8
3926,1.0,0.0019,-14.0,0.095,51451,220.47675614449702,7991,48,0.0,-4
3927,1.0,0.0019,-14.0,0.095,51457,221.37072977247917,7997,6,0.8939736279821489,6
3928,1.0,0.0019,-14.0,0.095,51493,221.37072977247917,8005,36,0.0,8
3929,1.0,0.0019,-14.0,0.095,51517,221.37072977247917,8005,24,0.0,0
3930,1.0,0.0019,-14.0,0.095,51529,221.37072977247917,8001,12,0.0,-4
3931,1.0,0.0019,-14.0,0.095,51577,221.37072977247917,8007,48,0.0,6
3932,1.0,0.0019,-14.0,0.095,51589,221.37072977247917,8015,12,0.0,8
3933,1.0,0.0019,-14.0,0.095,51601,221.37072977247917,8015,12,0.0,0
3934,1.0,0.0019,-14.0,0.095,51601,221.37072977247917,8015,0,0.0,0
3935,1.0,0.0019,-14.0,0.095,51649,221.37072977247917,8035,48,0.0,20
3936,1.0,0.0019,-14.0,0.095,51709,221.37072977247917,8051,60,0.0,16
3937,1.0,0.0019,-14.0,0.095,51757,221.37072977247917,8077,48,0.0,26
3938,1.0,0.0019,-14.0,0.095,51805,221.37072977247917,8061,48,0.0,-16
3939,1.0,0.0019,-14.0,0.095,51817,221.37072977247917,8061,12,0.0,0
3940,1.0,0.0019,-14.0,0.095,51853,221.37072977247917,8037,36,0.0,-24
3941,1.0,0.0019,-14.0,0.095,51889,221.37072977247917,8027,36,0.0,-10
3942,1.0,0.0019,-14.0,0.095,51949,221.37072977247917,8017,60,0.0,-10
3943,1.0,0.0019,-14.0,0.095,51997,221.37072977247917,8043,48,0.0,26
3944,1.0,0.0019,-14.0,0.095,52021,221.37072977247917,8053,24,0.0,10
3945,1.0,0.0019,-14.0,0.095,52057,221.37072977247917,8029,36,0.0,-24
3946,1.0,0.0019,-14.0,0.095,52081,221.37072977247917,8051,24,0.0,22
3947,1.0,0.0019,-14.0,0.095,52099,222.71281956816046,8059,18,1.3420897956812894,8
3948,1.0,0.0019,-14.0,0.095,52183,222.71281956816046,8075,84,0.0,16
3949,1.0,0.0019,-14.0,0.095,52207,222.71281956816046,8075,24,0.0,0
3950,1.0,0.0019,-14.0,0.095,52219,222.71281956816046,8073,12,0.0,-2
3951,1.0,0.0019,-14.0,0.095,52243,222.71281956816046,8095,24,0.0,22
3952,1.0,0.0019,-14.0,0.095,52285,222.71281956816046,8059,42,0.0,-36
3953,1.0,0.0019,-14.0,0.095,52297,222.71281956816046,8063,12,0.0,4
3954,1.0,0.0019,-14.0,0.095,52297,222.71281956816046,8063,0,0.0,0
3955,1.0,0.0019,-14.0,0.095,52345,222.71281956816046,8095,48,0.0,32
3956,1.0,0.0019,-14.0,0.095,52369,222.71281956816046,8115,24,0.0,20
3957,1.0,0.0019,-14.0,0.095,52381,222.71281956816046,8127,12,0.0,12
3958,1.0,0.0019,-14.0,0.095,52453,222.71281956816046,8093,72,0.0,-34
3959,1.0,0.0019,-14.0,0.095,52489,222.71281956816046,8115,36,0.0,22
3960,1.0,0.0019,-14.0,0.095,52561,222.71281956816046,8133,72,0.0,18
3961,1.0,0.0019,-14.0,0.095,52645,222.71281956816046,8167,84,0.0,34
3962,1.0,0.0019,-14.0,0.095,52705,222.71281956816046,8173,60,0.0,6
3963,1.0,0.0019,-14.0,0.095,52741,222.71281956816046,8181,36,0.0,8
3964,1.0,0.0019,-14.0,0.095,52753,222.71281956816046,8181,12,0.0,0
3965,1.0,0.0019,-14.0,0.095,52765,222.71281956816046,8193,12,0.0,12
3966,1.0,0.0019,-14.0,0.095,52777,222.71281956816046,8185,12,0.0,-8
3967,1.0,0.0019,-14.0,0.095,52807,223.60679774997897,8199,30,0.8939781818185111,14
3968,1.0,0.0019,-14.0,0.095,52831,223.60679774997897,8199,24,0.0,0
3969,1.0,0.0019,-14.0,0.095,52831,223.60679774997897,8199,0,0.0,0
3970,1.0,0.0019,-14.0,0.095,52867,223.60679774997897,8203,36,0.0,4
3971,1.0,0.0019,-14.0,0.095,52903,223.60679774997897,8203,36,0.0,0
3972,1.0,0.0019,-14.0,0.095,52939,223.60679774997897,8203,36,0.0,0
3973,1.0,0.0019,-14.0,0.095,52951,223.60679774997897,8179,12,0.0,-24
3974,1.0,0.0019,-14.0,0.095,52963,223.60679774997897,8155,12,0.0,-24
3975,1.0,0.0019,-14.0,0.095,52963,223.60679774997897,8155,0,0.0,0
3976,1.0,0.0019,-14.0,0.095,52999,223.60679774997897,8179,36,0.0,24
3977,1.0,0.0019,-14.0,0.095,53023,223.60679774997897,8179,24,0.0,0
3978,1.0,0.0019,-14.0,0.095,53059,223.60679774997897,8193,36,0.0,14
3979,1.0,0.0019,-14.0,0.095,53083,223.60679774997897,8169,24,0.0,-24
3980,1.0,0.0019,-14.0,0.095,53095,223.60679774997897,8171,12,0.0,2
3981,1.0,0.0019,-14.0,0.095,53095,223.60679774997897,8171,0,0.0,0
3982,1.0,0.0019,-14.0,0.095,53107,223.60679774997897,8171,12,0.0,0
3983,1.0,0.0019,-14.0,0.095,53119,223.60679774997897,8173,12,0.0,2
3984,1.0,0.0019,-14.0,0.095,53179,223.60679774997897,8163,60,0.0,-10
3985,1.0,0.0019,-14.0,0.095,53191,223.60679774997897,8143,12,0.0,-20
3986,1.0,0.0019,-14.0,0.095,53215,223.60679774997897,8157,24,0.0,14
3987,1.0,0.0019,-14.0,0.095,53293,224.94888308235718,8187,78,1.3420853323782183,30
3988,1.0,0.0019,-14.0,0.095,53353,224.94888308235718,8157,60,0.0,-30
3989,1.0,0.0019,-14.0,0.095,53377,224.94888308235718,8161,24,0.0,4
3990,1.0,0.0019,-14.0,0.095,53413,224.94888308235718,8187,36,0.0,26
3991,1.0,0.0019,-14.0,0.095,53437,224.94888308235718,8197,24,0.0,10
3992,1.0,0.0019,-14.0,0.095,53485,224.94888308235718,8187,48,0.0,-10
3993,1.0,0.0019,-14.0,0.095,53521,224.94888308235718,8187,36,0.0,0
3994,1.0,0.0019,-14.0,0.095,53545,224.94888308235718,8167,24,0.0,-20
3995,1.0,0.0019,-14.0,0.095,53605,224.94888308235718,8197,60,0.0,30
3996,1.0,0.0019,-14.0,0.095,53641,224.94888308235718,8221,36,0.0,24
3997,1.0,0.0019,-14.0,0.095,53653,224.94888308235718,8221,12,0.0,0
3998,1.0,0.0019,-14.0,0.095,53689,224.94888308235718,8209,36,0.0,-12
3999,1.0,0.0019,-14.0,0.095,53713,224.94888308235718,8225,24,0.0,16
4000,1.0,0.0019,-14.0,0.095,53725,224.94888308235718,8237,12,0.0,12
4001,1.0,0.0019,-14.0,0.095,53737,224.94888308235718,8247,12,0.0,10
4002,1.0,0.0019,-14.0,0.095,53749,224.94888308235718,8247,12,0.0,0
4003,1.0,0.0019,-14.0,0.095,53773,224.94888308235718,8261,24,0.0,14
4004,1.0,0.0019,-14.0,0.095,53845,224.94888308235718,8273,72,0.0,12
4005,1.0,0.0019,-14.0,0.095,53845,224.94888308235718,8273,0,0.0,0
4006,1.0,0.0019,-14.0,0.095,53881,224.94888308235718,8269,36,0.0,-4
4007,1.0,0.0019,-14.0,0.095,53899,225.84286572747877,8275,18,0.8939826451215822,6
4008,1.0,0.0019,-14.0,0.095,53935,225.84286572747877,8279,36,0.0,4
4009,1.0,0.0019,-14.0,0.095,53959,225.84286572747877,8303,24,0.0,24
4010,1.0,0.0019,-14.0,0.095,53971,225.84286572747877,8315,12,0.0,12
4011,1.0,0.0019,-14.0,0.095,53995,225.84286572747877,8303,24,0.0,-12
4012,1.0,0.0019,-14.0,0.095,54019,225.84286572747877,8291,24,0.0,-12
4013,1.0,0.0019,-14.0,0.095,54031,225.84286572747877,8291,12,0.0,0
4014,1.0,0.0019,-14.0,0.095,54067,225.84286572747877,8313,36,0.0,22
4015,1.0,0.0019,-14.0,0.095,54091,225.84286572747877,8313,24,0.0,0
4016,1.0,0.0019,-14.0,0.095,54115,225.84286572747877,8315,24,0.0,2
4017,1.0,0.0019,-14.0,0.095,54163,225.84286572747877,8351,48,0.0,36
4018,1.0,0.0019,-14.0,0.095,54187,225.84286572747877,8365,24,0.0,14
4019,1.0,0.0019,-14.0,0.095,54271,225.84286572747877,8355,84,0.0,-10
4020,1.0,0.0019,-14.0,0.095,54295,225.84286572747877,8371,24,0.0,16
4021,1.0,0.0019,-14.0,0.095,54307,225.84286572747877,8381,12,0.0,10
4022,1.0,0.0019,-14.0,0.095,54331,225.84286572747877,8393,24,0.0,12
4023,1.0,0.0019,-14.0,0.095,54379,225.84286572747877,8389,48,0.0,-4
4024,1.0,0.0019,-14.0,0.095,54415,225.84286572747877,8389,36,0.0,0
4025,1.0,0.0019,-14.0,0.095,54451,225.84286572747877,8423,36,0.0,34
4026,1.0,0.0019,-14.0,0.095,54487,225.84286572747877,8379,36,0.0,-44
4027,1.0,0.0019,-14.0,0.095,54505,227.18494668441394,8391,18,1.3420809569351775,12
4028,1.0,0.0019,-14.0,0.095,54517,227.18494668441394,8403,12,0.0,12
4029,1.0,0.0019,-14.0,0.095,54529,227.18494668441394,8405,12,0.0,2
4030,1.0,0.0019,-14.0,0.095,54553,227.18494668441394,8419,24,0.0,14
4031,1.0,0.0019,-14.0,0.095,54601,227.18494668441394,8429,48,0.0,10
4032,1.0,0.0019,-14.0,0.095,54637,227.18494668441394,8403,36,0.0,-26
4033,1.0,0.0019,-14.0,0.095,54673,227.18494668441394,8391,36,0.0,-12
4034,1.0,0.0019,-14.0,0.095,54673,227.18494668441394,8391,0,0.0,0
4035,1.0,0.0019,-14.0,0.095,54697,227.18494668441394,8395,24,0.0,4
4036,1.0,0.0019,-14.0,0.095,54733,227.18494668441394,8403,36,0.0,8
4037,1.0,0.0019,-14.0,0.095,54769,227.18494668441394,8419,36,0.0,16
4038,1.0,0.0019,-14.0,0.095,54817,227.18494668441394,8429,48,0.0,10
4039,1.0,0.0019,-14.0,0.095,54865,227.18494668441394,8437,48,0.0,8
4040,1.0,0.0019,-14.0,0.095,54877,227.18494668441394,8439,12,0.0,2
4041,1.0,0.0019,-14.0,0.095,54895,227.18494668441394,8419,18,0.0,-20
4042,1.0,0.0019,-14.0,0.095,54931,227.18494668441394,8427,36,0.0,8
4043,1.0,0.0019,-14.0,0.095,54943,227.18494668441394,8437,12,0.0,10
4044,1.0,0.0019,-14.0,0.095,54955,227.18494668441394,8437,12,0.0,0
4045,1.0,0.0019,-14.0,0.095,54979,227.18494668441394,8453,24,0.0,16
4046,1.0,0.0019,-14.0,0.095,55015,227.18494668441394,8457,36,0.0,4
4047,1.0,0.0019,-14.0,0.095,55045,228.07893370497854,8465,30,0.8939870205645946,8
4048,1.0,0.0019,-14.0,0.095,55069,228.07893370497854,8473,24,0.0,8
4049,1.0,0.0019,-14.0,0.095,55117,228.07893370497854,8505,48,0.0,32
4050,1.0,0.0019,-14.0,0.095,55129,228.07893370497854,8505,12,0.0,0
4051,1.0,0.0019,-14.0,0.095,55177,228.07893370497854,8513,48,0.0,8
4052,1.0,0.0019,-14.0,0.095,55237,228.07893370497854,8525,60,0.0,12
4053,1.0,0.0019,-14.0,0.095,55273,228.07893370497854,8537,36,0.0,12
4054,1.0,0.0019,-14.0,0.095,55309,228.07893370497854,8539,36,0.0,2
4055,1.0,0.0019,-14.0,0.095,55321,228.07893370497854,8539,12,0.0,0
4056,1.0,0.0019,-14.0,0.095,55381,228.07893370497854,8553,60,0.0,14
4057,1.0,0.0019,-14.0,0.095,55417,228.07893370497854,8565,36,0.0,12
4058,1.0,0.0019,-14.0,0.095,55417,228.07893370497854,8565,0,0.0,0
4059,1.0,0.0019,-14.0,0.095,55447,228.07893370497854,8545,30,0.0,-20
4060,1.0,0.0019,-14.0,0.095,55483,228.07893370497854,8571,36,0.0,26
4061,1.0,0.0019,-14.0,0.095,55519,228.07893370497854,8579,36,0.0,8
4062,1.0,0.0019,-14.0,0.095,55579,228.07893370497854,8577,60,0.0,-2
4063,1.0,0.0019,-14.0,0.095,55615,228.07893370497854,8567,36,0.0,-10
4064,1.0,0.0019,-14.0,0.095,55663,228.07893370497854,8517,48,0.0,-50
4065,1.0,0.0019,-14.0,0.095,55663,228.07893370497854,8517,0,0.0,0
4066,1.0,0.0019,-14.0,0.095,55699,228.07893370497854,8517,36,0.0,0
4067,1.0,0.0019,-14.0,0.095,55717,229.42101037176172,8533,18,1.3420766667831856,16
4068,1.0,0.0019,-14.0,0.095,55765,229.42101037176172,8559,48,0.0,26
4069,1.0,0.0019,-14.0,0.095,55801,229.42101037176172,8563,36,0.0,4
4070,1.0,0.0019,-14.0,0.095,55813,229.42101037176172,8575,12,0.0,12
4071,1.0,0.0019,-14.0,0.095,55825,229.42101037176172,8571,12,0.0,-4
4072,1.0,0.0019,-14.0,0.095,55837,229.42101037176172,8571,12,0.0,0
4073,1.0,0.0019,-14.0,0.095,55849,229.42101037176172,8567,12,0.0,-4
4074,1.0,0.0019,-14.0,0.095,55909,229.42101037176172,8595,60,0.0,28
4075,1.0,0.0019,-14.0,0.095,55933,229.42101037176172,8609,24,0.0,14
4076,1.0,0.0019,-14.0,0.095,55957,229.42101037176172,8599,24,0.0,-10
4077,1.0,0.0019,-14.0,0.095,56005,229.42101037176172,8597,48,0.0,-2
4078,1.0,0.0019,-14.0,0.095,56113,229.42101037176172,8553,108,0.0,-44
4079,1.0,0.0019,-14.0,0.095,56161,229.42101037176172,8571,48,0.0,18
4080,1.0,0.0019,-14.0,0.095,56209,229.42101037176172,8567,48,0.0,-4
4081,1.0,0.0019,-14.0,0.095,56233,229.42101037176172,8581,24,0.0,14
4082,1.0,0.0019,-14.0,0.095,56257,229.42101037176172,8581,24,0.0,0
4083,1.0,0.0019,-14.0,0.095,56281,229.42101037176172,8577,24,0.0,-4
4084,1.0,0.0019,-14.0,0.095,56377,229.42101037176172,8615,96,0.0,38
4085,1.0,0.0019,-14.0,0.095,56401,229.42101037176172,8619,24,0.0,4
4086,1.0,0.0019,-14.0,0.095,56461,229.42101037176172,8619,60,0.0,0
4087,1.0,0.0019,-14.0,0.095,56503,230.31500168247834,8639,42,0.8939913107166149,20
4088,1.0,0.0019,-14.0,0.095,56551,230.31500168247834,8619,48,0.0,-20
4089,1.0,0.0019,-14.0,0.095,56599,230.31500168247834,8627,48,0.0,8
4090,1.0,0.0019,-14.0,0.095,56623,230.31500168247834,8637,24,0.0,10
4091,1.0,0.0019,-14.0,0.095,56659,230.31500168247834,8635,36,0.0,-2
4092,1.0,0.0019,-14.0,0.095,56671,230.31500168247834,8635,12,0.0,0
4093,1.0,0.0019,-14.0,0.095,56707,230.31500168247834,8651,36,0.0,16
4094,1.0,0.0019,-14.0,0.095,56719,230.31500168247834,8651,12,0.0,0
4095,1.0,0.0019,-14.0,0.095,56731,230.31500168247834,8663,12,0.0,12
4096,1.0,0.0019,-14.0,0.095,56755,230.31500168247834,8675,24,0.0,12
4097,1.0,0.0019,-14.0,0.095,56779,230.31500168247834,8675,24,0.0,0
4098,1.0,0.0019,-14.0,0.095,56815,230.31500168247834,8691,36,0.0,16
4099,1.0,0.0019,-14.0,0.095,56839,230.31500168247834,8699,24,0.0,8
4100,1.0,0.0019,-14.0,0.095,56875,230.31500168247834,8695,36,0.0,-4
4101,1.0,0.0019,-14.0,0.095,56947,230.31500168247834,8715,72,0.0,20
4102,1.0,0.0019,-14.0,0.095,56959,230.31500168247834,8719,12,0.0,4
4103,1.0,0.0019,-14.0,0.095,57019,230.31500168247834,8779,60,0.0,60
4104,1.0,0.0019,-14.0,0.095,57031,230.31500168247834,8785,12,0.0,6
4105,1.0,0.0019,-14.0,0.095,57079,230.31500168247834,8811,48,0.0,26
4106,1.0,0.0019,-14.0,0.095,57139,230.31500168247834,8821,60,0.0,10
4107,1.0,0.0019,-14.0,0.095,57193,231.65707414193074,8835,54,1.342072459452396,14
4108,1.0,0.0019,-14.0,0.095,57229,231.65707414193074,8861,36,0.0,26
4109,1.0,0.0019,-14.0,0.095,57253,231.65707414193074,8869,24,0.0,8
4110,1.0,0.0019,-14.0,0.095,57289,231.65707414193074,8845,36,0.0,-24
4111,1.0,0.0019,-14.0,0.095,57313,231.65707414193074,8847,24,0.0,2
4112,1.0,0.0019,-14.0,0.095,57313,231.65707414193074,8847,0,0.0,0
4113,1.0,0.0019,-14.0,0.095,57397,231.65707414193074,8861,84,0.0,14
4114,1.0,0.0019,-14.0,0.095,57433,231.65707414193074,8871,36,0.0,10
4115,1.0,0.0019,-14.0,0.095,57481,231.65707414193074,8869,48,0.0,-2
4116,1.0,0.0019,-14.0,0.095,57493,231.65707414193074,8869,12,0.0,0
4117,1.0,0.0019,-14.0,0.095,57529,231.65707414193074,8877,36,0.0,8
4118,1.0,0.0019,-14.0,0.095,57565,231.65707414193074,8861,36,0.0,-16
4119,1.0,0.0019,-14.0,0.095,57601,231.65707414193074,8895,36,0.0,34
4120,1.0,0.0019,-14.0,0.095,57649,231.65707414193074,8913,48,0.0,18
4121,1.0,0.0019,-14.0,0.095,57673,231.65707414193074,8893,24,0.0,-20
4122,1.0,0.0019,-14.0,0.095,57697,231.65707414193074,8879,24,0.0,-14
4123,1.0,0.0019,-14.0,0.095,57709,231.65707414193074,8879,12,0.0,0
4124,1.0,0.0019,-14.0,0.095,57721,231.65707414193074,8881,12,0.0,2
4125,1.0,0.0019,-14.0,0.095,57745,231.65707414193074,8885,24,0.0,4
4126,1.0,0.0019,-14.0,0.095,57805,231.65707414193074,8859,60,0.0,-26
4127,1.0,0.0019,-14.0,0.095,57847,232.55106965997814,8877,42,0.8939955180474044,18
4128,1.0,0.0019,-14.0,0.095,57859,232.55106965997814,8883,12,0.0,6
4129,1.0,0.0019,-14.0,0.095,57907,232.55106965997814,8843,48,0.0,-40
4130,1.0,0.0019,-14.0,0.095,57979,232.55106965997814,8867,72,0.0,24
4131,1.0,0.0019,-14.0,0.095,58015,232.55106965997814,8879,36,0.0,12
4132,1.0,0.0019,-14.0,0.095,58027,232.55106965997814,8879,12,0.0,0
4133,1.0,0.0019,-14.0,0.095,58051,232.55106965997814,8889,24,0.0,10
4134,1.0,0.0019,-14.0,0.095,58051,232.55106965997814,8889,0,0.0,0
4135,1.0,0.0019,-14.0,0.095,58099,232.55106965997814,8889,48,0.0,0
4136,1.0,0.0019,-14.0,0.095,58099,232.55106965997814,8889,0,0.0,0
4137,1.0,0.0019,-14.0,0.095,58159,232.55106965997814,8905,60,0.0,16
4138,1.0,0.0019,-14.0,0.095,58171,232.55106965997814,8917,12,0.0,12
4139,1.0,0.0019,-14.0,0.095,58231,232.55106965997814,8943,60,0.0,26
4140,1.0,0.0019,-14.0,0.095,58231,232.55106965997814,8943,0,0.0,0
4141,1.0,0.0019,-14.0,0.095,58243,232.55106965997814,8943,12,0.0,0
4142,1.0,0.0019,-14.0,0.095,58291,232.55106965997814,8919,48,0.0,-24
4143,1.0,0.0019,-14.0,0.095,58339,232.55106965997814,8939,48,0.0,20
4144,1.0,0.0019,-14.0,0.095,58411,232.55106965997814,8943,72,0.0,4
4145,1.0,0.0019,-14.0,0.095,58507,232.55106965997814,8965,96,0.0,22
4146,1.0,0.0019,-14.0,0.095,58543,232.55106965997814,8965,36,0.0,0
4147,1.0,0.0019,-14.0,0.095,58639,233.89313799254566,9011,96,1.3420683325675213,46
4148,1.0,0.0019,-14.0,0.095,58711,233.89313799254566,9015,72,0.0,4
4149,1.0,0.0019,-14.0,0.095,58711,233.89313799254566,9015,0,0.0,0
4150,1.0,0.0019,-14.0,0.095,58759,233.89313799254566,9013,48,0.0,-2
4151,1.0,0.0019,-14.0,0.095,58771,233.89313799254566,8977,12,0.0,-36
4152,1.0,0.0019,-14.0,0.095,58771,233.89313799254566,8977,0,0.0,0
4153,1.0,0.0019,-14.0,0.095,58795,233.89313799254566,8977,24,0.0,0
4154,1.0,0.0019,-14.0,0.095,58843,233.89313799254566,8979,48,0.0,2
4155,1.0,0.0019,-14.0,0.095,58879,233.89313799254566,8975,36,0.0,-4
4156,1.0,0.0019,-14.0,0.095,58939,233.89313799254566,8929,60,0.0,-46
4157,1.0,0.0019,-14.0,0.095,58975,233.89313799254566,8939,36,0.0,10
4158,1.0,0.0019,-14.0,0.095,59023,233.89313799254566,8939,48,0.0,0
4159,1.0,0.0019,-14.0,0.095,59047,233.89313799254566,8919,24,0.0,-20
4160,1.0,0.0019,-14.0,0.095,59083,233.89313799254566,8905,36,0.0,-14
4161,1.0,0.0019,-14.0,0.095,59131,233.89313799254566,8893,48,0.0,-12
4162,1.0,0.0019,-14.0,0.095,59161,233.89313799254566,8885,30,0.0,-8
4163,1.0,0.0019,-14.0,0.095,59173,233.89313799254566,8837,12,0.0,-48
4164,1.0,0.0019,-14.0,0.095,59185,233.89313799254566,8837,12,0.0,0
4165,1.0,0.0019,-14.0,0.095,59209,233.89313799254566,8853,24,0.0,16
4166,1.0,0.0019,-14.0,0.095,59233,233.89313799254566,8863,24,0.0,10
4167,1.0,0.0019,-14.0,0.095,59275,234.7871376374779,8861,42,0.8939996449322507,-2
4168,1.0,0.0019,-14.0,0.095,59311,234.7871376374779,8869,36,0.0,8
4169,1.0,0.0019,-14.0,0.095,59347,234.7871376374779,8877,36,0.0,8
4170,1.0,0.0019,-14.0,0.095,59347,234.7871376374779,8877,0,0.0,0
4171,1.0,0.0019,-14.0,0.095,59371,234.7871376374779,8899,24,0.0,22
4172,1.0,0.0019,-14.0,0.095,59383,234.7871376374779,8887,12,0.0,-12
4173,1.0,0.0019,-14.0,0.095,59431,234.7871376374779,8905,48,0.0,18
4174,1.0,0.0019,-14.0,0.095,59443,234.7871376374779,8901,12,0.0,-4
4175,1.0,0.0019,-14.0,0.095,59455,234.7871376374779,8913,12,0.0,12
4176,1.0,0.0019,-14.0,0.095,59479,234.7871376374779,8927,24,0.0,14
4177,1.0,0.0019,-14.0,0.095,59563,234.7871376374779,8937,84,0.0,10
4178,1.0,0.0019,-14.0,0.095,59587,234.7871376374779,8917,24,0.0,-20
4179,1.0,0.0019,-14.0,0.095,59587,234.7871376374779,8917,0,0.0,0
4180,1.0,0.0019,-14.0,0.095,59635,234.7871376374779,8905,48,0.0,-12
4181,1.0,0.0019,-14.0,0.095,59671,234.7871376374779,8915,36,0.0,10
4182,1.0,0.0019,-14.0,0.095,59707,234.7871376374779,8901,36,0.0,-14
4183,1.0,0.0019,-14.0,0.095,59755,234.7871376374779,8905,48,0.0,4
4184,1.0,0.0019,-14.0,0.095,59767,234.7871376374779,8915,12,0.0,10
4185,1.0,0.0019,-14.0,0.095,59779,234.7871376374779,8917,12,0.0,2
4186,1.0,0.0019,-14.0,0.095,59815,234.7871376374779,8929,36,0.0,12
4187,1.0,0.0019,-14.0,0.095,59845,236.12920192132103,8949,30,1.342064283843115,20
4188,1.0,0.0019,-14.0,0.095,59953,236.12920192132103,8985,108,0.0,36
4189,1.0,0.0019,-14.0,0.095,59977,236.12920192132103,8981,24,0.0,-4
4190,1.0,0.0019,-14.0,0.095,60013,236.12920192132103,8989,36,0.0,8
4191,1.0,0.0019,-14.0,0.095,60049,236.12920192132103,9011,36,0.0,22
4192,1.0,0.0019,-14.0,0.095,60097,236.12920192132103,8989,48,0.0,-22
4193,1.0,0.0019,-14.0,0.095,60097,236.12920192132103,8989,0,0.0,0
4194,1.0,0.0019,-14.0,0.095,60121,236.12920192132103,8977,24,0.0,-12
4195,1.0,0.0019,-14.0,0.095,60157,236.12920192132103,8981,36,0.0,4
4196,1.0,0.0019,-14.0,0.095,60181,236.12920192132103,8983,24,0.0,2
4197,1.0,0.0019,-14.0,0.095,60229,236.12920192132103,8991,48,0.0,8
4198,1.0,0.0019,-14.0,0.095,60277,236.12920192132103,8939,48,0.0,-52
4199,1.0,0.0019,-14.0,0.095,60301,236.12920192132103,8939,24,0.0,0
4200,1.0,0.0019,-14.0,0.095,60349,236.12920192132103,8953,48,0.0,14
4201,1.0,0.0019,-14.0,0.095,60421,236.12920192132103,9005,72,0.0,52
4202,1.0,0.0019,-14.0,0.095,60517,236.12920192132103,9027,96,0.0,22
4203,1.0,0.0019,-14.0,0.095,60541,236.12920192132103,9029,24,0.0,2
4204,1.0,0.0019,-14.0,0.095,60601,236.12920192132103,9039,60,0.0,10
4205,1.0,0.0019,-14.0,0.095,60637,236.12920192132103,9039,36,0.0,0
4206,1.0,0.0019,-14.0,0.095,60649,236.12920192132103,9049,12,0.0,10
4207,1.0,0.0019,-14.0,0.095,60667,237.0232056149777,9061,18,0.8940036936566855,12
4208,1.0,0.0019,-14.0,0.095,60715,237.0232056149777,9075,48,0.0,14
4209,1.0,0.0019,-14.0,0.095,60715,237.0232056149777,9075,0,0.0,0
4210,1.0,0.0019,-14.0,0.095,60763,237.0232056149777,9075,48,0.0,0
4211,1.0,0.0019,-14.0,0.095,60799,237.0232056149777,9085,36,0.0,10
4212,1.0,0.0019,-14.0,0.095,60799,237.0232056149777,9085,0,0.0,0
4213,1.0,0.0019,-14.0,0.095,60811,237.0232056149777,9061,12,0.0,-24
4214,1.0,0.0019,-14.0,0.095,60823,237.0232056149777,9037,12,0.0,-24
4215,1.0,0.0019,-14.0,0.095,60835,237.0232056149777,9037,12,0.0,0
4216,1.0,0.0019,-14.0,0.095,60859,237.0232056149777,9061,24,0.0,24
4217,1.0,0.0019,-14.0,0.095,60859,237.0232056149777,9061,0,0.0,0
4218,1.0,0.0019,-14.0,0.095,60931,237.0232056149777,9073,72,0.0,12
4219,1.0,0.0019,-14.0,0.095,60943,237.0232056149777,9075,12,0.0,2
4220,1.0,0.0019,-14.0,0.095,60967,237.0232056149777,9083,24,0.0,8
4221,1.0,0.0019,-14.0,0.095,60967,237.0232056149777,9083,0,0.0,0
4222,1.0,0.0019,-14.0,0.095,61015,237.0232056149777,9117,48,0.0,34
4223,1.0,0.0019,-14.0,0.095,61027,237.0232056149777,9117,12,0.0,0
4224,1.0,0.0019,-14.0,0.095,61099,237.0232056149777,9103,72,0.0,-14
4225,1.0,0.0019,-14.0,0.095,61111,237.0232056149777,9083,12,0.0,-20
4226,1.0,0.0019,-14.0,0.095,61111,237.0232056149777,9083,0,0.0,0
4227,1.0,0.0019,-14.0,0.095,61141,238.36526592605728,9101,30,1.342060311079564,18
4228,1.0,0.0019,-14.0,0.095,61177,238.36526592605728,9047,36,0.0,-54
4229,1.0,0.0019,-14.0,0.095,61237,238.36526592605728,9003,60,0.0,-44
4230,1.0,0.0019,-14.0,0.095,61249,238.36526592605728,9003,12,0.0,0
4231,1.0,0.0019,-14.0,0.095,61261,238.36526592605728,9003,12,0.0,0
4232,1.0,0.0019,-14.0,0.095,61273,238.36526592605728,9005,12,0.0,2
4233,1.0,0.0019,-14.0,0.095,61345,238.36526592605728,9027,72,0.0,22
4234,1.0,0.0019,-14.0,0.095,61369,238.36526592605728,9027,24,0.0,0
4235,1.0,0.0019,-14.0,0.095,61453,238.36526592605728,9039,84,0.0,12
4236,1.0,0.0019,-14.0,0.095,61501,238.36526592605728,9059,48,0.0,20
4237,1.0,0.0019,-14.0,0.095,61537,238.36526592605728,9081,36,0.0,22
4238,1.0,0.0019,-14.0,0.095,61597,238.36526592605728,9065,60,0.0,-16
4239,1.0,0.0019,-14.0,0.095,61645,238.36526592605728,9099,48,0.0,34
4240,1.0,0.0019,-14.0,0.095,61657,238.36526592605728,9111,12,0.0,12
4241,1.0,0.0019,-14.0,0.095,61681,238.36526592605728,9125,24,0.0,14
4242,1.0,0.0019,-14.0,0.095,61717,238.36526592605728,9123,36,0.0,-2
4243,1.0,0.0019,-14.0,0.095,61753,238.36526592605728,9119,36,0.0,-4
4244,1.0,0.0019,-14.0,0.095,61789,238.36526592605728,9117,36,0.0,-2
4245,1.0,0.0019,-14.0,0.095,61861,238.36526592605728,9125,72,0.0,8
4246,1.0,0.0019,-14.0,0.095,61873,238.36526592605728,9117,12,0.0,-8
4247,1.0,0.0019,-14.0,0.095,61891,239.25927359247748,9127,18,0.8940076664202081,10
4248,1.0,0.0019,-14.0,0.095,61927,239.25927359247748,9131,36,0.0,4
4249,1.0,0.0019,-14.0,0.095,61963,239.25927359247748,9147,36,0.0,16
4250,1.0,0.0019,-14.0,0.095,61987,239.25927359247748,9161,24,0.0,14
4251,1.0,0.0019,-14.0,0.095,62023,239.25927359247748,9169,36,0.0,8
4252,1.0,0.0019,-14.0,0.095,62095,239.25927359247748,9167,72,0.0,-2
4253,1.0,0.0019,-14.0,0.095,62107,239.25927359247748,9167,12,0.0,0
4254,1.0,0.0019,-14.0,0.095,62155,239.25927359247748,9181,48,0.0,14
4255,1.0,0.0019,-14.0,0.095,62167,239.25927359247748,9181,12,0.0,0
4256,1.0,0.0019,-14.0,0.095,62215,239.25927359247748,9201,48,0.0,20
4257,1.0,0.0019,-14.0,0.095,62263,239.25927359247748,9223,48,0.0,22
4258,1.0,0.0019,-14.0,0.095,62263,239.25927359247748,9223,0,0.0,0
4259,1.0,0.0019,-14.0,0.095,62275,239.25927359247748,9211,12,0.0,-12
4260,1.0,0.0019,-14.0,0.095,62287,239.25927359247748,9211,12,0.0,0
4261,1.0,0.0019,-14.0,0.095,62287,239.25927359247748,9211,0,0.0,0
4262,1.0,0.0019,-14.0,0.095,62311,239.25927359247748,9211,24,0.0,0
4263,1.0,0.0019,-14.0,0.095,62335,239.25927359247748,9211,24,0.0,0
4264,1.0,0.0019,-14.0,0.095,62419,239.25927359247748,9243,84,0.0,32
4265,1.0,0.0019,-14.0,0.095,62443,239.25927359247748,9255,24,0.0,12
4266,1.0,0.0019,-14.0,0.095,62491,239.25927359247748,9253,48,0.0,-2
4267,1.0,0.0019,-14.0,0.095,62533,240.6013300046365,9265,42,1.3420564121590246,12
4268,1.0,0.0019,-14.0,0.095,62599,240.6013300046365,9257,66,0.0,-8
4269,1.0,0.0019,-14.0,0.095,62611,240.6013300046365,9269,12,0.0,12
4270,1.0,0.0019,-14.0,0.095,62623,240.6013300046365,9281,12,0.0,12
4271,1.0,0.0019,-14.0,0.095,62683,240.6013300046365,9303,60,0.0,22
4272,1.0,0.0019,-14.0,0.095,62767,240.6013300046365,9203,84,0.0,-100
4273,1.0,0.0019,-14.0,0.095,62803,240.6013300046365,9203,36,0.0,0
4274,1.0,0.0019,-14.0,0.095,62827,240.6013300046365,9225,24,0.0,22
4275,1.0,0.0019,-14.0,0.095,62839,240.6013300046365,9237,12,0.0,12
4276,1.0,0.0019,-14.0,0.095,62875,240.6013300046365,9229,36,0.0,-8
4277,1.0,0.0019,-14.0,0.095,62899,240.6013300046365,9251,24,0.0,22
4278,1.0,0.0019,-14.0,0.095,62923,240.6013300046365,9265,24,0.0,14
4279,1.0,0.0019,-14.0,0.095,62947,240.6013300046365,9263,24,0.0,-2
4280,1.0,0.0019,-14.0,0.095,62947,240.6013300046365,9263,0,0.0,0
4281,1.0,0.0019,-14.0,0.095,62983,240.6013300046365,9241,36,0.0,-22
4282,1.0,0.0019,-14.0,0.095,63019,240.6013300046365,9237,36,0.0,-4
4283,1.0,0.0019,-14.0,0.095,63031,240.6013300046365,9241,12,0.0,4
4284,1.0,0.0019,-14.0,0.095,63043,240.6013300046365,9241,12,0.0,0
4285,1.0,0.0019,-14.0,0.095,63055,240.6013300046365,9253,12,0.0,12
4286,1.0,0.0019,-14.0,0.095,63079,240.6013300046365,9265,24,0.0,12
4287,1.0,0.0019,-14.0,0.095,63097,241.49534156997728,9267,18,0.8940115653407759,2
4288,1.0,0.0019,-14.0,0.095,63121,241.49534156997728,9269,24,0.0,2
4289,1.0,0.0019,-14.0,0.095,63133,241.49534156997728,9269,12,0.0,0
4290,1.0,0.0019,-14.0,0.095,63169,241.49534156997728,9281,36,0.0,12
4291,1.0,0.0019,-14.0,0.095,63205,241.49534156997728,9293,36,0.0,12
4292,1.0,0.0019,-14.0,0.095,63265,241.49534156997728,9315,60,0.0,22
4293,1.0,0.0019,-14.0,0.095,63289,241.49534156997728,9317,24,0.0,2
4294,1.0,0.0019,-14.0,0.095,63313,241.49534156997728,9329,24,0.0,12
4295,1.0,0.0019,-14.0,0.095,63349,241.49534156997728,9343,36,0.0,14
4296,1.0,0.0019,-14.0,0.095,63409,241.49534156997728,9365,60,0.0,22
4297,1.0,0.0019,-14.0,0.095,63433,241.49534156997728,9377,24,0.0,12
4298,1.0,0.0019,-14.0,0.095,63445,241.49534156997728,9379,12,0.0,2
4299,1.0,0.0019,-14.0,0.095,63457,241.49534156997728,9391,12,0.0,12
4300,1.0,0.0019,-14.0,0.095,63469,241.49534156997728,9401,12,0.0,10
4301,1.0,0.0019,-14.0,0.095,63481,241.49534156997728,9403,12,0.0,2
4302,1.0,0.0019,-14.0,0.095,63493,241.49534156997728,9403,12,0.0,0
4303,1.0,0.0019,-14.0,0.095,63517,241.49534156997728,9417,24,0.0,14
4304,1.0,0.0019,-14.0,0.095,63577,241.49534156997728,9363,60,0.0,-54
4305,1.0,0.0019,-14.0,0.095,63601,241.49534156997728,9363,24,0.0,0
4306,1.0,0.0019,-14.0,0.095,63673,241.49534156997728,9375,72,0.0,12
4307,1.0,0.0019,-14.0,0.095,63691,242.8373941550189,9381,18,1.342052585041614,6
4308,1.0,0.0019,-14.0,0.095,63763,242.8373941550189,9409,72,0.0,28
4309,1.0,0.0019,-14.0,0.095,63775,242.8373941550189,9409,12,0.0,0
4310,1.0,0.0019,-14.0,0.095,63799,242.8373941550189,9431,24,0.0,22
4311,1.0,0.0019,-14.0,0.095,63811,242.8373941550189,9427,12,0.0,-4
4312,1.0,0.0019,-14.0,0.095,63859,242.8373941550189,9439,48,0.0,12
4313,1.0,0.0019,-14.0,0.095,63871,242.8373941550189,9419,12,0.0,-20
4314,1.0,0.0019,-14.0,0.095,63883,242.8373941550189,9431,12,0.0,12
4315,1.0,0.0019,-14.0,0.095,63919,242.8373941550189,9435,36,0.0,4
4316,1.0,0.0019,-14.0,0.095,63931,242.8373941550189,9435,12,0.0,0
4317,1.0,0.0019,-14.0,0.095,63967,242.8373941550189,9423,36,0.0,-12
4318,1.0,0.0019,-14.0,0.095,64027,242.8373941550189,9393,60,0.0,-30
4319,1.0,0.0019,-14.0,0.095,64051,242.8373941550189,9407,24,0.0,14
4320,1.0,0.0019,-14.0,0.095,64099,242.8373941550189,9411,48,0.0,4
4321,1.0,0.0019,-14.0,0.095,64123,242.8373941550189,9419,24,0.0,8
4322,1.0,0.0019,-14.0,0.095,64171,242.8373941550189,9423,48,0.0,4
4323,1.0,0.0019,-14.0,0.095,64219,242.8373941550189,9433,48,0.0,10
4324,1.0,0.0019,-14.0,0.095,64303,242.8373941550189,9475,84,0.0,42
4325,1.0,0.0019,-14.0,0.095,64387,242.8373941550189,9505,84,0.0,30
4326,1.0,0.0019,-14.0,0.095,64447,242.8373941550189,9527,60,0.0,22
4327,1.0,0.0019,-14.0,0.095,64525,243.73140954747709,9555,78,0.8940153924581864,28
4328,1.0,0.0019,-14.0,0.095,64549,243.73140954747709,9553,24,0.0,-2
4329,1.0,0.0019,-14.0,0.095,64597,243.73140954747709,9573,48,0.0,20
4330,1.0,0.0019,-14.0,0.095,64621,243.73140954747709,9575,24,0.0,2
4331,1.0,0.0019,-14.0,0.095,64633,243.73140954747709,9577,12,0.0,2
4332,1.0,0.0019,-14.0,0.095,64645,243.73140954747709,9579,12,0.0,2
4333,1.0,0.0019,-14.0,0.095,64669,243.73140954747709,9591,24,0.0,12
4334,1.0,0.0019,-14.0,0.095,64681,243.73140954747709,9603,12,0.0,12
4335,1.0,0.0019,-14.0,0.095,64717,243.73140954747709,9607,36,0.0,4
4336,1.0,0.0019,-14.0,0.095,64729,243.73140954747709,9609,12,0.0,2
4337,1.0,0.0019,-14.0,0.095,64753,243.73140954747709,9613,24,0.0,4
4338,1.0,0.0019,-14.0,0.095,64789,243.73140954747709,9625,36,0.0,12
4339,1.0,0.0019,-14.0,0.095,64837,243.73140954747709,9625,48,0.0,0
4340,1.0,0.0019,-14.0,0.095,64897,243.73140954747709,9613,60,0.0,-12
4341,1.0,0.0019,-14.0,0.095,64933,243.73140954747709,9613,36,0.0,0
4342,1.0,0.0019,-14.0,0.095,64957,243.73140954747709,9625,24,0.0,12
4343,1.0,0.0019,-14.0,0.095,65017,243.73140954747709,9685,60,0.0,60
4344,1.0,0.0019,-14.0,0.095,65017,243.73140954747709,9685,0,0.0,0
4345,1.0,0.0019,-14.0,0.095,65053,243.73140954747709,9703,36,0.0,18
4346,1.0,0.0019,-14.0,0.095,65101,243.73140954747709,9713,48,0.0,10
4347,1.0,0.0019,-14.0,0.095,65131,245.073458375239,9719,30,1.3420488277619143,6
4348,1.0,0.0019,-14.0,0.095,65155,245.073458375239,9705,24,0.0,-14
4349,1.0,0.0019,-14.0,0.095,65179,245.073458375239,9717,24,0.0,12
4350,1.0,0.0019,-14.0,0.095,65203,245.073458375239,9697,24,0.0,-20
4351,1.0,0.0019,-14.0,0.095,65203,245.073458375239,9697,0,0.0,0
4352,1.0,0.0019,-14.0,0.095,65215,245.073458375239,9685,12,0.0,-12
4353,1.0,0.0019,-14.0,0.095,65263,245.073458375239,9701,48,0.0,16
4354,1.0,0.0019,-14.0,0.095,65299,245.073458375239,9697,36,0.0,-4
4355,1.0,0.0019,-14.0,0.095,65347,245.073458375239,9709,48,0.0,12
4356,1.0,0.0019,-14.0,0.095,65371,245.073458375239,9709,24,0.0,0
4357,1.0,0.0019,-14.0,0.095,65407,245.073458375239,9699,36,0.0,-10
4358,1.0,0.0019,-14.0,0.095,65503,245.073458375239,9745,96,0.0,46
4359,1.0,0.0019,-14.0,0.095,65503,245.073458375239,9745,0,0.0,0
4360,1.0,0.0019,-14.0,0.095,65527,245.073458375239,9749,24,0.0,4
4361,1.0,0.0019,-14.0,0.095,65551,245.073458375239,9729,24,0.0,-20
4362,1.0,0.0019,-14.0,0.095,65635,245.073458375239,9715,84,0.0,-14
4363,1.0,0.0019,-14.0,0.095,65695,245.073458375239,9721,60,0.0,6
4364,1.0,0.0019,-14.0,0.095,65755,245.073458375239,9671,60,0.0,-50
4365,1.0,0.0019,-14.0,0.095,65779,245.073458375239,9671,24,0.0,0
4366,1.0,0.0019,-14.0,0.095,65815,245.073458375239,9649,36,0.0,-22
4367,1.0,0.0019,-14.0,0.095,65869,245.96747752497686,9675,54,0.8940191497378578,26
4368,1.0,0.0019,-14.0,0.095,65881,245.96747752497686,9681,12,0.0,6
4369,1.0,0.0019,-14.0,0.095,65929,245.96747752497686,9597,48,0.0,-84
4370,1.0,0.0019,-14.0,0.095,65965,245.96747752497686,9599,36,0.0,2
4371,1.0,0.0019,-14.0,0.095,66013,245.96747752497686,9619,48,0.0,20
4372,1.0,0.0019,-14.0,0.095,66025,245.96747752497686,9619,12,0.0,0
4373,1.0,0.0019,-14.0,0.095,66061,245.96747752497686,9625,36,0.0,6
4374,1.0,0.0019,-14.0,0.095,66109,245.96747752497686,9621,48,0.0,-4
4375,1.0,0.0019,-14.0,0.095,66133,245.96747752497686,9617,24,0.0,-4
4376,1.0,0.0019,-14.0,0.095,66133,245.96747752497686,9617,0,0.0,0
4377,1.0,0.0019,-14.0,0.095,66193,245.96747752497686,9619,60,0.0,2
4378,1.0,0.0019,-14.0,0.095,66205,245.96747752497686,9615,12,0.0,-4
4379,1.0,0.0019,-14.0,0.095,66229,245.96747752497686,9625,24,0.0,10
4380,1.0,0.0019,-14.0,0.095,66241,245.96747752497686,9625,12,0.0,0
4381,1.0,0.0019,-14.0,0.095,66253,245.96747752497686,9623,12,0.0,-2
4382,1.0,0.0019,-14.0,0.095,66301,245.96747752497686,9611,48,0.0,-12
4383,1.0,0.0019,-14.0,0.095,66349,245.96747752497686,9615,48,0.0,4
4384,1.0,0.0019,-14.0,0.095,66421,245.96747752497686,9603,72,0.0,-12
4385,1.0,0.0019,-14.0,0.095,66517,245.96747752497686,9659,96,0.0,56
4386,1.0,0.0019,-14.0,0.095,66541,245.96747752497686,9681,24,0.0,22
4387,1.0,0.0019,-14.0,0.095,66631,247.3095226634025,9727,90,1.3420451384256467,46
4388,1.0,0.0019,-14.0,0.095,66679,247.3095226634025,9729,48,0.0,2
4389,1.0,0.0019,-14.0,0.095,66703,247.3095226634025,9743,24,0.0,14
4390,1.0,0.0019,-14.0,0.095,66715,247.3095226634025,9741,12,0.0,-2
4391,1.0,0.0019,-14.0,0.095,66739,247.3095226634025,9757,24,0.0,16
4392,1.0,0.0019,-14.0,0.095,66775,247.3095226634025,9775,36,0.0,18
4393,1.0,0.0019,-14.0,0.095,66835,247.3095226634025,9775,60,0.0,0
4394,1.0,0.0019,-14.0,0.095,66883,247.3095226634025,9797,48,0.0,22
4395,1.0,0.0019,-14.0,0.095,66895,247.3095226634025,9773,12,0.0,-24
4396,1.0,0.0019,-14.0,0.095,66919,247.3095226634025,9731,24,0.0,-42
4397,1.0,0.0019,-14.0,0.095,66967,247.3095226634025,9719,48,0.0,-12
4398,1.0,0.0019,-14.0,0.095,67015,247.3095226634025,9733,48,0.0,14
4399,1.0,0.0019,-14.0,0.095,67027,247.3095226634025,9713,12,0.0,-20
4400,1.0,0.0019,-14.0,0.095,67027,247.3095226634025,9713,0,0.0,0
4401,1.0,0.0019,-14.0,0.095,67099,247.3095226634025,9709,72,0.0,-4
4402,1.0,0.0019,-14.0,0.095,67159,247.3095226634025,9701,60,0.0,-8
4403,1.0,0.0019,-14.0,0.095,67183,247.3095226634025,9657,24,0.0,-44
4404,1.0,0.0019,-14.0,0.095,67183,247.3095226634025,9657,0,0.0,0
4405,1.0,0.0019,-14.0,0.095,67183,247.3095226634025,9657,0,0.0,0
4406,1.0,0.0019,-14.0,0.095,67219,247.3095226634025,9655,36,0.0,-2
4407,1.0,0.0019,-14.0,0.095,67249,248.20354550247666,9653,30,0.8940228390741538,-2
4408,1.0,0.0019,-14.0,0.095,67273,248.20354550247666,9661,24,0.0,8
4409,1.0,0.0019,-14.0,0.095,67297,248.20354550247666,9665,24,0.0,4
4410,1.0,0.0019,-14.0,0.095,67321,248.20354550247666,9659,24,0.0,-6
4411,1.0,0.0019,-14.0,0.095,67357,248.20354550247666,9651,36,0.0,-8
4412,1.0,0.0019,-14.0,0.095,67381,248.20354550247666,9651,24,0.0,0
4413,1.0,0.0019,-14.0,0.095,67441,248.20354550247666,9675,60,0.0,24
4414,1.0,0.0019,-14.0,0.095,67489,248.20354550247666,9687,48,0.0,12
4415,1.0,0.0019,-14.0,0.095,67525,248.20354550247666,9721,36,0.0,34
4416,1.0,0.0019,-14.0,0.095,67561,248.20354550247666,9733,36,0.0,12
4417,1.0,0.0019,-14.0,0.095,67657,248.20354550247666,9777,96,0.0,44
4418,1.0,0.0019,-14.0,0.095,67693,248.20354550247666,9759,36,0.0,-18
4419,1.0,0.0019,-14.0,0.095,67705,248.20354550247666,9761,12,0.0,2
4420,1.0,0.0019,-14.0,0.095,67729,248.20354550247666,9737,24,0.0,-24
4421,1.0,0.0019,-14.0,0.095,67765,248.20354550247666,9747,36,0.0,10
4422,1.0,0.0019,-14.0,0.095,67825,248.20354550247666,9751,60,0.0,4
4423,1.0,0.0019,-14.0,0.095,67873,248.20354550247666,9777,48,0.0,26
4424,1.0,0.0019,-14.0,0.095,67921,248.20354550247666,9779,48,0.0,2
4425,1.0,0.0019,-14.0,0.095,67945,248.20354550247666,9779,24,0.0,0
4426,1.0,0.0019,-14.0,0.095,67981,248.20354550247666,9801,36,0.0,22
4427,1.0,0.0019,-14.0,0.095,68011,249.545587017683,9819,30,1.342041515206347,18
4428,1.0,0.0019,-14.0,0.095,68095,249.545587017683,9841,84,0.0,22
4429,1.0,0.0019,-14.0,0.095,68131,249.545587017683,9843,36,0.0,2
4430,1.0,0.0019,-14.0,0.095,68155,249.545587017683,9845,24,0.0,2
4431,1.0,0.0019,-14.0,0.095,68179,249.545587017683,9867,24,0.0,22
4432,1.0,0.0019,-14.0,0.095,68245,249.545587017683,9835,66,0.0,-32
4433,1.0,0.0019,-14.0,0.095,68257,249.545587017683,9839,12,0.0,4
4434,1.0,0.0019,-14.0,0.095,68257,249.545587017683,9839,0,0.0,0
4435,1.0,0.0019,-14.0,0.095,68269,249.545587017683,9839,12,0.0,0
4436,1.0,0.0019,-14.0,0.095,68281,249.545587017683,9791,12,0.0,-48
4437,1.0,0.0019,-14.0,0.095,68329,249.545587017683,9805,48,0.0,14
4438,1.0,0.0019,-14.0,0.095,68365,249.545587017683,9785,36,0.0,-20
4439,1.0,0.0019,-14.0,0.095,68389,249.545587017683,9795,24,0.0,10
4440,1.0,0.0019,-14.0,0.095,68437,249.545587017683,9827,48,0.0,32
4441,1.0,0.0019,-14.0,0.095,68485,249.545587017683,9857,48,0.0,30
4442,1.0,0.0019,-14.0,0.095,68545,249.545587017683,9859,60,0.0,2
4443,1.0,0.0019,-14.0,0.095,68629,249.545587017683,9899,84,0.0,40
4444,1.0,0.0019,-14.0,0.095,68641,249.545587017683,9899,12,0.0,0
4445,1.0,0.0019,-14.0,0.095,68689,249.545587017683,9917,48,0.0,18
4446,1.0,0.0019,-14.0,0.095,68713,249.545587017683,9931,24,0.0,14
4447,1.0,0.0019,-14.0,0.095,68743,250.43961347997646,9943,30,0.8940264622934535,12
4448,1.0,0.0019,-14.0,0.095,68755,250.43961347997646,9943,12,0.0,0
4449,1.0,0.0019,-14.0,0.095,68791,250.43961347997646,9949,36,0.0,6
4450,1.0,0.0019,-14.0,0.095,68863,250.43961347997646,9951,72,0.0,2
4451,1.0,0.0019,-14.0,0.095,68899,250.43961347997646,9963,36,0.0,12
4452,1.0,0.0019,-14.0,0.095,68923,250.43961347997646,9963,24,0.0,0
4453,1.0,0.0019,-14.0,0.095,68971,250.43961347997646,9939,48,0.0,-24
4454,1.0,0.0019,-14.0,0.095,68995,250.43961347997646,9919,24,0.0,-20
4455,1.0,0.0019,-14.0,0.095,68995,250.43961347997646,9919,0,0.0,0
4456,1.0,0.0019,-14.0,0.095,69031,250.43961347997646,9935,36,0.0,16
4457,1.0,0.0019,-14.0,0.095,69103,250.43961347997646,9947,72,0.0,12
4458,1.0,0.0019,-14.0,0.095,69163,250.43961347997646,9971,60,0.0,24
4459,1.0,0.0019,-14.0,0.095,69199,250.43961347997646,9973,36,0.0,2
4460,1.0,0.0019,-14.0,0.095,69223,250.43961347997646,9973,24,0.0,0
4461,1.0,0.0019,-14.0,0.095,69235,250.43961347997646,9973,12,0.0,0
4462,1.0,0.0019,-14.0,0.095,69259,250.43961347997646,9989,24,0.0,16
4463,1.0,0.0019,-14.0,0.095,69295,250.43961347997646,9987,36,0.0,-2
4464,1.0,0.0019,-14.0,0.095,69391,250.43961347997646,9991,96,0.0,4
4465,1.0,0.0019,-14.0,0.095,69415,250.43961347997646,9979,24,0.0,-12
4466,1.0,0.0019,-14.0,0.095,69415,250.43961347997646,9979,0,0.0,0
4467,1.0,0.0019,-14.0,0.095,69493,251.78165143631892,9999,78,1.342037956342466,20
4468,1.0,0.0019,-14.0,0.095,69529,251.78165143631892,9993,36,0.0,-6
4469,1.0,0.0019,-14.0,0.095,69553,251.78165143631892,10007,24,0.0,14
4470,1.0,0.0019,-14.0,0.095,69565,251.78165143631892,10011,12,0.0,4
4471,1.0,0.0019,-14.0,0.095,69589,251.78165143631892,10023,24,0.0,12
4472,1.0,0.0019,-14.0,0.095,69649,251.78165143631892,10027,60,0.0,4
4473,1.0,0.0019,-14.0,0.095,69673,251.78165143631892,10027,24,0.0,0
4474,1.0,0.0019,-14.0,0.095,69697,251.78165143631892,10031,24,0.0,4
4475,1.0,0.0019,-14.0,0.095,69805,251.78165143631892,10047,108,0.0,16
4476,1.0,0.0019,-14.0,0.095,69829,251.78165143631892,10059,24,0.0,12
4477,1.0,0.0019,-14.0,0.095,69841,251.78165143631892,10059,12,0.0,0
4478,1.0,0.0019,-14.0,0.095,69865,251.78165143631892,10043,24,0.0,-16
4479,1.0,0.0019,-14.0,0.095,69925,251.78165143631892,10055,60,0.0,12
4480,1.0,0.0019,-14.0,0.095,69961,251.78165143631892,10075,36,0.0,20
4481,1.0,0.0019,-14.0,0.095,69973,251.78165143631892,10085,12,0.0,10
4482,1.0,0.0019,-14.0,0.095,69997,251.78165143631892,10081,24,0.0,-4
4483,1.0,0.0019,-14.0,0.095,70021,251.78165143631892,10081,24,0.0,0
4484,1.0,0.0019,-14.0,0.095,70057,251.78165143631892,10083,36,0.0,2
4485,1.0,0.0019,-14.0,0.095,70069,251.78165143631892,10077,12,0.0,-6
4486,1.0,0.0019,-14.0,0.095,70105,251.78165143631892,10071,36,0.0,-6
4487,1.0,0.0019,-14.0,0.095,70135,252.67568145747623,10077,30,0.894030021157306,6
4488,1.0,0.0019,-14.0,0.095,70183,252.67568145747623,10077,48,0.0,0
4489,1.0,0.0019,-14.0,0.095,70231,252.67568145747623,10093,48,0.0,16
4490,1.0,0.0019,-14.0,0.095,70279,252.67568145747623,10105,48,0.0,12
4491,1.0,0.0019,-14.0,0.095,70303,252.67568145747623,10115,24,0.0,10
4492,1.0,0.0019,-14.0,0.095,70339,252.67568145747623,10113,36,0.0,-2
4493,1.0,0.0019,-14.0,0.095,70363,252.67568145747623,10109,24,0.0,-4
4494,1.0,0.0019,-14.0,0.095,70399,252.67568145747623,10121,36,0.0,12
4495,1.0,0.0019,-14.0,0.095,70423,252.67568145747623,10121,24,0.0,0
4496,1.0,0.0019,-14.0,0.095,70459,252.67568145747623,10103,36,0.0,-18
4497,1.0,0.0019,-14.0,0.095,70519,252.67568145747623,10137,60,0.0,34
4498,1.0,0.0019,-14.0,0.095,70543,252.67568145747623,10149,24,0.0,12
4499,1.0,0.0019,-14.0,0.095,70579,252.67568145747623,10139,36,0.0,-10
4500,1.0,0.0019,-14.0,0.095,70603,252.67568145747623,10153,24,0.0,14
4501,1.0,0.0019,-14.0,0.095,70663,252.67568145747623,10187,60,0.0,34
4502,1.0,0.0019,-14.0,0.095,70699,252.67568145747623,10211,36,0.0,24
4503,1.0,0.0019,-14.0,0.095,70735,252.67568145747623,10211,36,0.0,0
4504,1.0,0.0019,-14.0,0.095,70771,252.67568145747623,10217,36,0.0,6
4505,1.0,0.0019,-14.0,0.095,70783,252.67568145747623,10229,12,0.0,12
4506,1.0,0.0019,-14.0,0.095,70795,252.67568145747623,10229,12,0.0,0
4507,1.0,0.0019,-14.0,0.095,70837,254.01771591761076,10241,42,1.3420344601345278,12
4508,1.0,0.0019,-14.0,0.095,70861,254.01771591761076,10253,24,0.0,12
4509,1.0,0.0019,-14.0,0.095,70897,254.01771591761076,10257,36,0.0,4
4510,1.0,0.0019,-14.0,0.095,70909,254.01771591761076,10269,12,0.0,12
4511,1.0,0.0019,-14.0,0.095,70981,254.01771591761076,10267,72,0.0,-2
4512,1.0,0.0019,-14.0,0.095,71005,254.01771591761076,10247,24,0.0,-20
4513,1.0,0.0019,-14.0,0.095,71041,254.01771591761076,10251,36,0.0,4
4514,1.0,0.0019,-14.0,0.095,71053,254.01771591761076,10231,12,0.0,-20
4515,1.0,0.0019,-14.0,0.095,71089,254.01771591761076,10215,36,0.0,-16
4516,1.0,0.0019,-14.0,0.095,71113,254.01771591761076,10209,24,0.0,-6
4517,1.0,0.0019,-14.0,0.095,71137,254.01771591761076,10221,24,0.0,12
4518,1.0,0.0019,-14.0,0.095,71185,254.01771591761076,10235,48,0.0,14
4519,1.0,0.0019,-14.0,0.095,71209,254.01771591761076,10241,24,0.0,6
4520,1.0,0.0019,-14.0,0.095,71245,254.01771591761076,10243,36,0.0,2
4521,1.0,0.0019,-14.0,0.095,71257,254.01771591761076,10221,12,0.0,-22
4522,1.0,0.0019,-14.0,0.095,71281,254.01771591761076,10221,24,0.0,0
4523,1.0,0.0019,-14.0,0.095,71305,254.01771591761076,10245,24,0.0,24
4524,1.0,0.0019,-14.0,0.095,71353,254.01771591761076,10255,48,0.0,10
4525,1.0,0.0019,-14.0,0.095,71425,254.01771591761076,10285,72,0.0,30
4526,1.0,0.0019,-14.0,0.095,71461,254.01771591761076,10273,36,0.0,-12
4527,1.0,0.0019,-14.0,0.095,71503,254.91174943497603,10299,42,0.8940335173652727,26
4528,1.0,0.0019,-14.0,0.095,71539,254.91174943497603,10317,36,0.0,18
4529,1.0,0.0019,-14.0,0.095,71575,254.91174943497603,10331,36,0.0,14
4530,1.0,0.0019,-14.0,0.095,71575,254.91174943497603,10331,0,0.0,0
4531,1.0,0.0019,-14.0,0.095,71599,254.91174943497603,10353,24,0.0,22
4532,1.0,0.0019,-14.0,0.095,71659,254.91174943497603,10361,60,0.0,8
4533,1.0,0.0019,-14.0,0.095,71707,254.91174943497603,10363,48,0.0,2
4534,1.0,0.0019,-14.0,0.095,71755,254.91174943497603,10369,48,0.0,6
4535,1.0,0.0019,-14.0,0.095,71755,254.91174943497603,10369,0,0.0,0
4536,1.0,0.0019,-14.0,0.095,71839,254.91174943497603,10383,84,0.0,14
4537,1.0,0.0019,-14.0,0.095,71851,254.91174943497603,10395,12,0.0,12
4538,1.0,0.0019,-14.0,0.095,71875,254.91174943497603,10399,24,0.0,4
4539,1.0,0.0019,-14.0,0.095,71887,254.91174943497603,10399,12,0.0,0
4540,1.0,0.0019,-14.0,0.095,71899,254.91174943497603,10399,12,0.0,0
4541,1.0,0.0019,-14.0,0.095,71935,254.91174943497603,10399,36,0.0,0
4542,1.0,0.0019,-14.0,0.095,71959,254.91174943497603,10403,24,0.0,4
4543,1.0,0.0019,-14.0,0.095,72019,254.91174943497603,10429,60,0.0,26
4544,1.0,0.0019,-14.0,0.095,72103,254.91174943497603,10389,84,0.0,-40
4545,1.0,0.0019,-14.0,0.095,72127,254.91174943497603,10385,24,0.0,-4
4546,1.0,0.0019,-14.0,0.095,72175,254.91174943497603,10353,48,0.0,-32
4547,1.0,0.0019,-14.0,0.095,72205,256.2537804599183,10359,30,1.3420310249422585,6
4548,1.0,0.0019,-14.0,0.095,72253,256.2537804599183,10375,48,0.0,16
4549,1.0,0.0019,-14.0,0.095,72277,256.2537804599183,10379,24,0.0,4
4550,1.0,0.0019,-14.0,0.095,72301,256.2537804599183,10401,24,0.0,22
4551,1.0,0.0019,-14.0,0.095,72325,256.2537804599183,10397,24,0.0,-4
4552,1.0,0.0019,-14.0,0.095,72349,256.2537804599183,10409,24,0.0,12
4553,1.0,0.0019,-14.0,0.095,72397,256.2537804599183,10389,48,0.0,-20
4554,1.0,0.0019,-14.0,0.095,72421,256.2537804599183,10411,24,0.0,22
4555,1.0,0.0019,-14.0,0.095,72457,256.2537804599183,10413,36,0.0,2
4556,1.0,0.0019,-14.0,0.095,72541,256.2537804599183,10473,84,0.0,60
4557,1.0,0.0019,-14.0,0.095,72589,256.2537804599183,10471,48,0.0,-2
4558,1.0,0.0019,-14.0,0.095,72685,256.2537804599183,10433,96,0.0,-38
4559,1.0,0.0019,-14.0,0.095,72721,256.2537804599183,10433,36,0.0,0
4560,1.0,0.0019,-14.0,0.095,72769,256.2537804599183,10443,48,0.0,10
4561,1.0,0.0019,-14.0,0.095,72781,256.2537804599183,10443,12,0.0,0
4562,1.0,0.0019,-14.0,0.095,72829,256.2537804599183,10453,48,0.0,10
4563,1.0,0.0019,-14.0,0.095,72865,256.2537804599183,10449,36,0.0,-4
4564,1.0,0.0019,-14.0,0.095,72913,256.2537804599183,10487,48,0.0,38
4565,1.0,0.0019,-14.0,0.095,72937,256.2537804599183,10491,24,0.0,4
4566,1.0,0.0019,-14.0,0.095,72961,256.2537804599183,10491,24,0.0,0
4567,1.0,0.0019,-14.0,0.095,73027,257.14781741247583,10523,66,0.894036952557542,32
4568,1.0,0.0019,-14.0,0.095,73087,257.14781741247583,10527,60,0.0,4
4569,1.0,0.0019,-14.0,0.095,73099,257.14781741247583,10539,12,0.0,12
4570,1.0,0.0019,-14.0,0.095,73111,257.14781741247583,10549,12,0.0,10
4571,1.0,0.0019,-14.0,0.095,73147,257.14781741247583,10551,36,0.0,2
4572,1.0,0.0019,-14.0,0.095,73159,257.14781741247583,10551,12,0.0,0
4573,1.0,0.0019,-14.0,0.095,73231,257.14781741247583,10567,72,0.0,16
4574,1.0,0.0019,-14.0,0.095,73243,257.14781741247583,10563,12,0.0,-4
4575,1.0,0.0019,-14.0,0.095,73243,257.14781741247583,10563,0,0.0,0
4576,1.0,0.0019,-14.0,0.095,73255,257.14781741247583,10575,12,0.0,12
4577,1.0,0.0019,-14.0,0.095,73291,257.14781741247583,10571,36,0.0,-4
4578,1.0,0.0019,-14.0,0.095,73381,257.14781741247583,10555,90,0.0,-16
4579,1.0,0.0019,-14.0,0.095,73393,257.14781741247583,10559,12,0.0,4
4580,1.0,0.0019,-14.0,0.095,73441,257.14781741247583,10555,48,0.0,-4
4581,1.0,0.0019,-14.0,0.095,73525,257.14781741247583,10565,84,0.0,10
4582,1.0,0.0019,-14.0,0.095,73537,257.14781741247583,10569,12,0.0,4
4583,1.0,0.0019,-14.0,0.095,73609,257.14781741247583,10641,72,0.0,72
4584,1.0,0.0019,-14.0,0.095,73657,257.14781741247583,10647,48,0.0,6
4585,1.0,0.0019,-14.0,0.095,73669,257.14781741247583,10659,12,0.0,12
4586,1.0,0.0019,-14.0,0.095,73747,257.14781741247583,10653,78,0.0,-6
4587,1.0,0.0019,-14.0,0.095,73801,258.48984506165806,10671,54,1.3420276491822278,18
4588,1.0,0.0019,-14.0,0.095,73825,258.48984506165806,10669,24,0.0,-2
4589,1.0,0.0019,-14.0,0.095,73885,258.48984506165806,10689,60,0.0,20
4590,1.0,0.0019,-14.0,0.095,73933,258.48984506165806,10693,48,0.0,4
4591,1.0,0.0019,-14.0,0.095,73957,258.48984506165806,10689,24,0.0,-4
4592,1.0,0.0019,-14.0,0.095,74005,258.48984506165806,10705,48,0.0,16
4593,1.0,0.0019,-14.0,0.095,74029,258.48984506165806,10709,24,0.0,4
4594,1.0,0.0019,-14.0,0.095,74101,258.48984506165806,10715,72,0.0,6
4595,1.0,0.0019,-14.0,0.095,74125,258.48984506165806,10717,24,0.0,2
4596,1.0,0.0019,-14.0,0.095,74149,258.48984506165806,10719,24,0.0,2
4597,1.0,0.0019,-14.0,0.095,74173,258.48984506165806,10715,24,0.0,-4
4598,1.0,0.0019,-14.0,0.095,74197,258.48984506165806,10703,24,0.0,-12
4599,1.0,0.0019,-14.0,0.095,74209,258.48984506165806,10715,12,0.0,12
4600,1.0,0.0019,-14.0,0.095,74245,258.48984506165806,10721,36,0.0,6
4601,1.0,0.0019,-14.0,0.095,74317,258.48984506165806,10663,72,0.0,-58
4602,1.0,0.0019,-14.0,0.095,74353,258.48984506165806,10653,36,0.0,-10
4603,1.0,0.0019,-14.0,0.095,74365,258.48984506165806,10657,12,0.0,4
4604,1.0,0.0019,-14.0,0.095,74401,258.48984506165806,10673,36,0.0,16
4605,1.0,0.0019,-14.0,0.095,74461,258.48984506165806,10675,60,0.0,2
4606,1.0,0.0019,-14.0,0.095,74509,258.48984506165806,10661,48,0.0,-14
4607,1.0,0.0019,-14.0,0.095,74539,259.3838853899756,10679,30,0.8940403283175442,18
4608,1.0,0.0019,-14.0,0.095,74587,259.3838853899756,10691,48,0.0,12
4609,1.0,0.0019,-14.0,0.095,74611,259.3838853899756,10651,24,0.0,-40
4610,1.0,0.0019,-14.0,0.095,74659,259.3838853899756,10665,48,0.0,14
4611,1.0,0.0019,-14.0,0.095,74719,259.3838853899756,10585,60,0.0,-80
4612,1.0,0.0019,-14.0,0.095,74731,259.3838853899756,10585,12,0.0,0
4613,1.0,0.0019,-14.0,0.095,74791,259.3838853899756,10605,60,0.0,20
4614,1.0,0.0019,-14.0,0.095,74803,259.3838853899756,10607,12,0.0,2
4615,1.0,0.0019,-14.0,0.095,74863,259.3838853899756,10603,60,0.0,-4
4616,1.0,0.0019,-14.0,0.095,74911,259.3838853899756,10611,48,0.0,8
4617,1.0,0.0019,-14.0,0.095,74947,259.3838853899756,10621,36,0.0,10
4618,1.0,0.0019,-14.0,0.095,74971,259.3838853899756,10621,24,0.0,0
4619,1.0,0.0019,-14.0,0.095,75007,259.3838853899756,10621,36,0.0,0
4620,1.0,0.0019,-14.0,0.095,75031,259.3838853899756,10587,24,0.0,-34
4621,1.0,0.0019,-14.0,0.095,75055,259.3838853899756,10595,24,0.0,8
4622,1.0,0.0019,-14.0,0.095,75139,259.3838853899756,10611,84,0.0,16
4623,1.0,0.0019,-14.0,0.095,75187,259.3838853899756,10615,48,0.0,4
4624,1.0,0.0019,-14.0,0.095,75235,259.3838853899756,10619,48,0.0,4
4625,1.0,0.0019,-14.0,0.095,75319,259.3838853899756,10617,84,0.0,-2
4626,1.0,0.0019,-14.0,0.095,75355,259.3838853899756,10617,36,0.0,0
4627,1.0,0.0019,-14.0,0.095,75457,260.725909721301,10657,102,1.3420243313253764,40
4628,1.0,0.0019,-14.0,0.095,75541,260.725909721301,10669,84,0.0,12
4629,1.0,0.0019,-14.0,0.095,75589,260.725909721301,10673,48,0.0,4
4630,1.0,0.0019,-14.0,0.095,75697,260.725909721301,10693,108,0.0,20
4631,1.0,0.0019,-14.0,0.095,75757,260.725909721301,10727,60,0.0,34
4632,1.0,0.0019,-14.0,0.095,75793,260.725909721301,10719,36,0.0,-8
4633,1.0,0.0019,-14.0,0.095,75841,260.725909721301,10715,48,0.0,-4
4634,1.0,0.0019,-14.0,0.095,75877,260.725909721301,10739,36,0.0,24
4635,1.0,0.0019,-14.0,0.095,75913,260.725909721301,10741,36,0.0,2
4636,1.0,0.0019,-14.0,0.095,75949,260.725909721301,10679,36,0.0,-62
4637,1.0,0.0019,-14.0,0.095,76021,260.725909721301,10711,72,0.0,32
4638,1.0,0.0019,-14.0,0.095,76057,260.725909721301,10727,36,0.0,16
4639,1.0,0.0019,-14.0,0.095,76093,260.725909721301,10713,36,0.0,-14
4640,1.0,0.0019,-14.0,0.095,76117,260.725909721301,10713,24,0.0,0
4641,1.0,0.0019,-14.0,0.095,76165,260.725909721301,10697,48,0.0,-16
4642,1.0,0.0019,-14.0,0.095,76201,260.725909721301,10707,36,0.0,10
4643,1.0,0.0019,-14.0,0.095,76225,260.725909721301,10663,24,0.0,-44
4644,1.0,0.0019,-14.0,0.095,76237,260.725909721301,10655,12,0.0,-8
4645,1.0,0.0019,-14.0,0.095,76249,260.725909721301,10659,12,0.0,4
4646,1.0,0.0019,-14.0,0.095,76261,260.725909721301,10659,12,0.0,0
4647,1.0,0.0019,-14.0,0.095,76279,261.6199533674754,10665,18,0.8940436461743957,6
4648,1.0,0.0019,-14.0,0.095,76315,261.6199533674754,10673,36,0.0,8
4649,1.0,0.0019,-14.0,0.095,76339,261.6199533674754,10669,24,0.0,-4
4650,1.0,0.0019,-14.0,0.095,76339,261.6199533674754,10669,0,0.0,0
4651,1.0,0.0019,-14.0,0.095,76339,261.6199533674754,10669,0,0.0,0
4652,1.0,0.0019,-14.0,0.095,76375,261.6199533674754,10677,36,0.0,8
4653,1.0,0.0019,-14.0,0.095,76435,261.6199533674754,10689,60,0.0,12
4654,1.0,0.0019,-14.0,0.095,76447,261.6199533674754,10691,12,0.0,2
4655,1.0,0.0019,-14.0,0.095,76495,261.6199533674754,10721,48,0.0,30
4656,1.0,0.0019,-14.0,0.095,76543,261.6199533674754,10751,48,0.0,30
4657,1.0,0.0019,-14.0,0.095,76615,261.6199533674754,10791,72,0.0,40
4658,1.0,0.0019,-14.0,0.095,76663,261.6199533674754,10769,48,0.0,-22
4659,1.0,0.0019,-14.0,0.095,76723,261.6199533674754,10775,60,0.0,6
4660,1.0,0.0019,-14.0,0.095,76759,261.6199533674754,10763,36,0.0,-12
4661,1.0,0.0019,-14.0,0.095,76807,261.6199533674754,10769,48,0.0,6
4662,1.0,0.0019,-14.0,0.095,76879,261.6199533674754,10727,72,0.0,-42
4663,1.0,0.0019,-14.0,0.095,76939,261.6199533674754,10735,60,0.0,8
4664,1.0,0.0019,-14.0,0.095,77023,261.6199533674754,10783,84,0.0,48
4665,1.0,0.0019,-14.0,0.095,77071,261.6199533674754,10781,48,0.0,-2
4666,1.0,0.0019,-14.0,0.095,77131,261.6199533674754,10775,60,0.0,-6
4667,1.0,0.0019,-14.0,0.095,77161,262.9619744373699,10781,30,1.3420210698945425,6
4668,1.0,0.0019,-14.0,0.095,77245,262.9619744373699,10811,84,0.0,30
4669,1.0,0.0019,-14.0,0.095,77269,262.9619744373699,10809,24,0.0,-2
4670,1.0,0.0019,-14.0,0.095,77317,262.9619744373699,10813,48,0.0,4
4671,1.0,0.0019,-14.0,0.095,77341,262.9619744373699,10835,24,0.0,22
4672,1.0,0.0019,-14.0,0.095,77413,262.9619744373699,10789,72,0.0,-46
4673,1.0,0.0019,-14.0,0.095,77437,262.9619744373699,10781,24,0.0,-8
4674,1.0,0.0019,-14.0,0.095,77449,262.9619744373699,10785,12,0.0,4
4675,1.0,0.0019,-14.0,0.095,77509,262.9619744373699,10785,60,0.0,0
4676,1.0,0.0019,-14.0,0.095,77545,262.9619744373699,10791,36,0.0,6
4677,1.0,0.0019,-14.0,0.095,77569,262.9619744373699,10803,24,0.0,12
4678,1.0,0.0019,-14.0,0.095,77581,262.9619744373699,10783,12,0.0,-20
4679,1.0,0.0019,-14.0,0.095,77629,262.9619744373699,10791,48,0.0,8
4680,1.0,0.0019,-14.0,0.095,77713,262.9619744373699,10845,84,0.0,54
4681,1.0,0.0019,-14.0,0.095,77761,262.9619744373699,10875,48,0.0,30
4682,1.0,0.0019,-14.0,0.095,77845,262.9619744373699,10881,84,0.0,6
4683,1.0,0.0019,-14.0,0.095,77881,262.9619744373699,10881,36,0.0,0
4684,1.0,0.0019,-14.0,0.095,77893,262.9619744373699,10881,12,0.0,0
4685,1.0,0.0019,-14.0,0.095,77941,262.9619744373699,10919,48,0.0,38
4686,1.0,0.0019,-14.0,0.095,77941,262.9619744373699,10919,0,0.0,0
4687,1.0,0.0019,-14.0,0.095,77959,263.8560213449752,10931,18,0.8940469076052864,12
4688,1.0,0.0019,-14.0,0.095,77995,263.8560213449752,10953,36,0.0,22
4689,1.0,0.0019,-14.0,0.095,78031,263.8560213449752,10959,36,0.0,6
4690,1.0,0.0019,-14.0,0.095,78091,263.8560213449752,10979,60,0.0,20
4691,1.0,0.0019,-14.0,0.095,78151,263.8560213449752,10995,60,0.0,16
4692,1.0,0.0019,-14.0,0.095,78175,263.8560213449752,11003,24,0.0,8
4693,1.0,0.0019,-14.0,0.095,78223,263.8560213449752,10983,48,0.0,-20
4694,1.0,0.0019,-14.0,0.095,78247,263.8560213449752,10959,24,0.0,-24
4695,1.0,0.0019,-14.0,0.095,78259,263.8560213449752,10959,12,0.0,0
4696,1.0,0.0019,-14.0,0.095,78307,263.8560213449752,10979,48,0.0,20
4697,1.0,0.0019,-14.0,0.095,78319,263.8560213449752,10983,12,0.0,4
4698,1.0,0.0019,-14.0,0.095,78355,263.8560213449752,10989,36,0.0,6
4699,1.0,0.0019,-14.0,0.095,78367,263.8560213449752,10989,12,0.0,0
4700,1.0,0.0019,-14.0,0.095,78379,263.8560213449752,10989,12,0.0,0
4701,1.0,0.0019,-14.0,0.095,78403,263.8560213449752,10989,24,0.0,0
4702,1.0,0.0019,-14.0,0.095,78475,263.8560213449752,11035,72,0.0,46
4703,1.0,0.0019,-14.0,0.095,78487,263.8560213449752,11037,12,0.0,2
4704,1.0,0.0019,-14.0,0.095,78535,263.8560213449752,11023,48,0.0,-14
4705,1.0,0.0019,-14.0,0.095,78571,263.8560213449752,11003,36,0.0,-20
4706,1.0,0.0019,-14.0,0.095,78583,263.8560213449752,11003,12,0.0,0
4707,1.0,0.0019,-14.0,0.095,78637,265.1980392084376,11031,54,1.342017863462388,28
4708,1.0,0.0019,-14.0,0.095,78697,265.1980392084376,11037,60,0.0,6
4709,1.0,0.0019,-14.0,0.095,78709,265.1980392084376,11041,12,0.0,4
4710,1.0,0.0019,-14.0,0.095,78745,265.1980392084376,11055,36,0.0,14
4711,1.0,0.0019,-14.0,0.095,78769,265.1980392084376,11057,24,0.0,2
4712,1.0,0.0019,-14.0,0.095,78817,265.1980392084376,11063,48,0.0,6
4713,1.0,0.0019,-14.0,0.095,78865,265.1980392084376,11063,48,0.0,0
4714,1.0,0.0019,-14.0,0.095,78925,265.1980392084376,11059,60,0.0,-4
4715,1.0,0.0019,-14.0,0.095,79033,265.1980392084376,11057,108,0.0,-2
4716,1.0,0.0019,-14.0,0.095,79081,265.1980392084376,11093,48,0.0,36
4717,1.0,0.0019,-14.0,0.095,79105,265.1980392084376,11105,24,0.0,12
4718,1.0,0.0019,-14.0,0.095,79159,265.1980392084376,11091,54,0.0,-14
4719,1.0,0.0019,-14.0,0.095,79183,265.1980392084376,11103,24,0.0,12
4720,1.0,0.0019,-14.0,0.095,79207,265.1980392084376,11117,24,0.0,14
4721,1.0,0.0019,-14.0,0.095,79303,265.1980392084376,11153,96,0.0,36
4722,1.0,0.0019,-14.0,0.095,79315,265.1980392084376,11157,12,0.0,4
4723,1.0,0.0019,-14.0,0.095,79351,265.1980392084376,11157,36,0.0,0
4724,1.0,0.0019,-14.0,0.095,79411,265.1980392084376,11137,60,0.0,-20
4725,1.0,0.0019,-14.0,0.095,79447,265.1980392084376,11141,36,0.0,4
4726,1.0,0.0019,-14.0,0.095,79495,265.1980392084376,11129,48,0.0,-12
4727,1.0,0.0019,-14.0,0.095,79501,266.092089322475,11135,6,0.894050114037384,6
4728,1.0,0.0019,-14.0,0.095,79549,266.092089322475,11139,48,0.0,4
4729,1.0,0.0019,-14.0,0.095,79597,266.092089322475,11151,48,0.0,12
4730,1.0,0.0019,-14.0,0.095,79645,266.092089322475,11169,48,0.0,18
4731,1.0,0.0019,-14.0,0.095,79729,266.092089322475,11201,84,0.0,32
4732,1.0,0.0019,-14.0,0.095,79789,266.092089322475,11187,60,0.0,-14
4733,1.0,0.0019,-14.0,0.095,79789,266.092089322475,11187,0,0.0,0
4734,1.0,0.0019,-14.0,0.095,79825,266.092089322475,11213,36,0.0,26
4735,1.0,0.0019,-14.0,0.095,79837,266.092089322475,11213,12,0.0,0
4736,1.0,0.0019,-14.0,0.095,79921,266.092089322475,11241,84,0.0,28
4737,1.0,0.0019,-14.0,0.095,79969,266.092089322475,11265,48,0.0,24
4738,1.0,0.0019,-14.0,0.095,79993,266.092089322475,11269,24,0.0,4
4739,1.0,0.0019,-14.0,0.095,80017,266.092089322475,11257,24,0.0,-12
4740,1.0,0.0019,-14.0,0.095,80029,266.092089322475,11253,12,0.0,-4
4741,1.0,0.0019,-14.0,0.095,80029,266.092089322475,11253,0,0.0,0
4742,1.0,0.0019,-14.0,0.095,80077,266.092089322475,11277,48,0.0,24
4743,1.0,0.0019,-14.0,0.095,80125,266.092089322475,11277,48,0.0,0
4744,1.0,0.0019,-14.0,0.095,80173,266.092089322475,11289,48,0.0,12
4745,1.0,0.0019,-14.0,0.095,80197,266.092089322475,11297,24,0.0,8
4746,1.0,0.0019,-14.0,0.095,80221,266.092089322475,11301,24,0.0,4
4747,1.0,0.0019,-14.0,0.095,80251,267.4341040331244,11313,30,1.342014710649437,12
4748,1.0,0.0019,-14.0,0.095,80287,267.4341040331244,11333,36,0.0,20
4749,1.0,0.0019,-14.0,0.095,80311,267.4341040331244,11339,24,0.0,6
4750,1.0,0.0019,-14.0,0.095,80347,267.4341040331244,11347,36,0.0,8
4751,1.0,0.0019,-14.0,0.095,80431,267.4341040331244,11333,84,0.0,-14
4752,1.0,0.0019,-14.0,0.095,80443,267.4341040331244,11309,12,0.0,-24
4753,1.0,0.0019,-14.0,0.095,80479,267.4341040331244,11297,36,0.0,-12
4754,1.0,0.0019,-14.0,0.095,80515,267.4341040331244,11321,36,0.0,24
4755,1.0,0.0019,-14.0,0.095,80575,267.4341040331244,11351,60,0.0,30
4756,1.0,0.0019,-14.0,0.095,80599,267.4341040331244,11339,24,0.0,-12
4757,1.0,0.0019,-14.0,0.095,80647,267.4341040331244,11359,48,0.0,20
4758,1.0,0.0019,-14.0,0.095,80707,267.4341040331244,11393,60,0.0,34
4759,1.0,0.0019,-14.0,0.095,80767,267.4341040331244,11401,60,0.0,8
4760,1.0,0.0019,-14.0,0.095,80815,267.4341040331244,11417,48,0.0,16
4761,1.0,0.0019,-14.0,0.095,80863,267.4341040331244,11391,48,0.0,-26
4762,1.0,0.0019,-14.0,0.095,80923,267.4341040331244,11361,60,0.0,-30
4763,1.0,0.0019,-14.0,0.095,80959,267.4341040331244,11363,36,0.0,2
4764,1.0,0.0019,-14.0,0.095,80995,267.4341040331244,11363,36,0.0,0
4765,1.0,0.0019,-14.0,0.095,81067,267.4341040331244,11371,72,0.0,8
4766,1.0,0.0019,-14.0,0.095,81103,267.4341040331244,11367,36,0.0,-4
4767,1.0,0.0019,-14.0,0.095,81121,268.32815729997475,11373,18,0.8940532668503351,6
4768,1.0,0.0019,-14.0,0.095,81169,268.32815729997475,11397,48,0.0,24
4769,1.0,0.0019,-14.0,0.095,81181,268.32815729997475,11399,12,0.0,2
4770,1.0,0.0019,-14.0,0.095,81229,268.32815729997475,11383,48,0.0,-16
4771,1.0,0.0019,-14.0,0.095,81277,268.32815729997475,11397,48,0.0,14
4772,1.0,0.0019,-14.0,0.095,81373,268.32815729997475,11371,96,0.0,-26
4773,1.0,0.0019,-14.0,0.095,81397,268.32815729997475,11355,24,0.0,-16
4774,1.0,0.0019,-14.0,0.095,81421,268.32815729997475,11361,24,0.0,6
4775,1.0,0.0019,-14.0,0.095,81469,268.32815729997475,11363,48,0.0,2
4776,1.0,0.0019,-14.0,0.095,81541,268.32815729997475,11375,72,0.0,12
4777,1.0,0.0019,-14.0,0.095,81577,268.32815729997475,11387,36,0.0,12
4778,1.0,0.0019,-14.0,0.095,81625,268.32815729997475,11389,48,0.0,2
4779,1.0,0.0019,-14.0,0.095,81649,268.32815729997475,11401,24,0.0,12
4780,1.0,0.0019,-14.0,0.095,81661,268.32815729997475,11413,12,0.0,12
4781,1.0,0.0019,-14.0,0.095,81709,268.32815729997475,11357,48,0.0,-56
4782,1.0,0.0019,-14.0,0.095,81733,268.32815729997475,11367,24,0.0,10
4783,1.0,0.0019,-14.0,0.095,81757,268.32815729997475,11389,24,0.0,22
4784,1.0,0.0019,-14.0,0.095,81829,268.32815729997475,11345,72,0.0,-44
4785,1.0,0.0019,-14.0,0.095,81841,268.32815729997475,11345,12,0.0,0
4786,1.0,0.0019,-14.0,0.095,81877,268.32815729997475,11369,36,0.0,24
4787,1.0,0.0019,-14.0,0.095,81907,269.67016891009655,11397,30,1.3420116101218014,28
4788,1.0,0.0019,-14.0,0.095,81979,269.67016891009655,11447,72,0.0,50
4789,1.0,0.0019,-14.0,0.095,82039,269.67016891009655,11469,60,0.0,22
4790,1.0,0.0019,-14.0,0.095,82075,269.67016891009655,11443,36,0.0,-26
4791,1.0,0.0019,-14.0,0.095,82099,269.67016891009655,11439,24,0.0,-4
4792,1.0,0.0019,-14.0,0.095,82171,269.67016891009655,11463,72,0.0,24
4793,1.0,0.0019,-14.0,0.095,82231,269.67016891009655,11457,60,0.0,-6
4794,1.0,0.0019,-14.0,0.095,82279,269.67016891009655,11447,48,0.0,-10
4795,1.0,0.0019,-14.0,0.095,82315,269.67016891009655,11447,36,0.0,0
4796,1.0,0.0019,-14.0,0.095,82315,269.67016891009655,11447,0,0.0,0
4797,1.0,0.0019,-14.0,0.095,82375,269.67016891009655,11435,60,0.0,-12
4798,1.0,0.0019,-14.0,0.095,82495,269.67016891009655,11405,120,0.0,-30
4799,1.0,0.0019,-14.0,0.095,82543,269.67016891009655,11403,48,0.0,-2
4800,1.0,0.0019,-14.0,0.095,82591,269.67016891009655,11403,48,0.0,0
4801,1.0,0.0019,-14.0,0.095,82603,269.67016891009655,11415,12,0.0,12
4802,1.0,0.0019,-14.0,0.095,82627,269.67016891009655,11415,24,0.0,0
4803,1.0,0.0019,-14.0,0.095,82651,269.67016891009655,11425,24,0.0,10
4804,1.0,0.0019,-14.0,0.095,82723,269.67016891009655,11463,72,0.0,38
4805,1.0,0.0019,-14.0,0.095,82771,269.67016891009655,11477,48,0.0,14
4806,1.0,0.0019,-14.0,0.095,82819,269.67016891009655,11481,48,0.0,4
4807,1.0,0.0019,-14.0,0.095,82909,270.5642252774746,11505,90,0.8940563673780275,24
4808,1.0,0.0019,-14.0,0.095,82945,270.5642252774746,11509,36,0.0,4
4809,1.0,0.0019,-14.0,0.095,82981,270.5642252774746,11525,36,0.0,16
4810,1.0,0.0019,-14.0,0.095,83041,270.5642252774746,11557,60,0.0,32
4811,1.0,0.0019,-14.0,0.095,83089,270.5642252774746,11531,48,0.0,-26
4812,1.0,0.0019,-14.0,0.095,83113,270.5642252774746,11545,24,0.0,14
4813,1.0,0.0019,-14.0,0.095,83125,270.5642252774746,11555,12,0.0,10
4814,1.0,0.0019,-14.0,0.095,83125,270.5642252774746,11555,0,0.0,0
4815,1.0,0.0019,-14.0,0.095,83149,270.5642252774746,11547,24,0.0,-8
4816,1.0,0.0019,-14.0,0.095,83173,270.5642252774746,11549,24,0.0,2
4817,1.0,0.0019,-14.0,0.095,83233,270.5642252774746,11531,60,0.0,-18
4818,1.0,0.0019,-14.0,0.095,83281,270.5642252774746,11559,48,0.0,28
4819,1.0,0.0019,-14.0,0.095,83305,270.5642252774746,11565,24,0.0,6
4820,1.0,0.0019,-14.0,0.095,83341,270.5642252774746,11569,36,0.0,4
4821,1.0,0.0019,-14.0,0.095,83389,270.5642252774746,11595,48,0.0,26
4822,1.0,0.0019,-14.0,0.095,83425,270.5642252774746,11609,36,0.0,14
4823,1.0,0.0019,-14.0,0.095,83503,270.5642252774746,11669,78,0.0,60
4824,1.0,0.0019,-14.0,0.095,83515,270.5642252774746,11671,12,0.0,2
4825,1.0,0.0019,-14.0,0.095,83551,270.5642252774746,11683,36,0.0,12
4826,1.0,0.0019,-14.0,0.095,83599,270.5642252774746,11683,48,0.0,0
4827,1.0,0.0019,-14.0,0.095,83629,271.9062338380641,11681,30,1.3420085605895338,-2
4828,1.0,0.0019,-14.0,0.095,83665,271.9062338380641,11683,36,0.0,2
4829,1.0,0.0019,-14.0,0.095,83701,271.9062338380641,11683,36,0.0,0
4830,1.0,0.0019,-14.0,0.095,83737,271.9062338380641,11659,36,0.0,-24
4831,1.0,0.0019,-14.0,0.095,83749,271.9062338380641,11669,12,0.0,10
4832,1.0,0.0019,-14.0,0.095,83773,271.9062338380641,11669,24,0.0,0
4833,1.0,0.0019,-14.0,0.095,83857,271.9062338380641,11685,84,0.0,16
4834,1.0,0.0019,-14.0,0.095,83881,271.9062338380641,11685,24,0.0,0
4835,1.0,0.0019,-14.0,0.095,83917,271.9062338380641,11683,36,0.0,-2
4836,1.0,0.0019,-14.0,0.095,83941,271.9062338380641,11693,24,0.0,10
4837,1.0,0.0019,-14.0,0.095,83965,271.9062338380641,11701,24,0.0,8
4838,1.0,0.0019,-14.0,0.095,84037,271.9062338380641,11715,72,0.0,14
4839,1.0,0.0019,-14.0,0.095,84061,271.9062338380641,11727,24,0.0,12
4840,1.0,0.0019,-14.0,0.095,84097,271.9062338380641,11727,36,0.0,0
4841,1.0,0.0019,-14.0,0.095,84145,271.9062338380641,11719,48,0.0,-8
4842,1.0,0.0019,-14.0,0.095,84253,271.9062338380641,11727,108,0.0,8
4843,1.0,0.0019,-14.0,0.095,84289,271.9062338380641,11741,36,0.0,14
4844,1.0,0.0019,-14.0,0.095,84313,271.9062338380641,11741,24,0.0,0
4845,1.0,0.0019,-14.0,0.095,84325,271.9062338380641,11741,12,0.0,0
4846,1.0,0.0019,-14.0,0.095,84361,271.9062338380641,11719,36,0.0,-22
4847,1.0,0.0019,-14.0,0.095,84415,272.80029325497435,11743,54,0.8940594169102383,24
4848,1.0,0.0019,-14.0,0.095,84451,272.80029325497435,11751,36,0.0,8
4849,1.0,0.0019,-14.0,0.095,84523,272.80029325497435,11719,72,0.0,-32
4850,1.0,0.0019,-14.0,0.095,84607,272.80029325497435,11693,84,0.0,-26
4851,1.0,0.0019,-14.0,0.095,84679,272.80029325497435,11711,72,0.0,18
4852,1.0,0.0019,-14.0,0.095,84715,272.80029325497435,11707,36,0.0,-4
4853,1.0,0.0019,-14.0,0.095,84763,272.80029325497435,11713,48,0.0,6
4854,1.0,0.0019,-14.0,0.095,84859,272.80029325497435,11747,96,0.0,34
4855,1.0,0.0019,-14.0,0.095,84871,272.80029325497435,11747,12,0.0,0
4856,1.0,0.0019,-14.0,0.095,84895,272.80029325497435,11751,24,0.0,4
4857,1.0,0.0019,-14.0,0.095,84943,272.80029325497435,11779,48,0.0,28
4858,1.0,0.0019,-14.0,0.095,84967,272.80029325497435,11775,24,0.0,-4
4859,1.0,0.0019,-14.0,0.095,84991,272.80029325497435,11775,24,0.0,0
4860,1.0,0.0019,-14.0,0.095,85003,272.80029325497435,11781,12,0.0,6
4861,1.0,0.0019,-14.0,0.095,85039,272.80029325497435,11795,36,0.0,14
4862,1.0,0.0019,-14.0,0.095,85135,272.80029325497435,11703,96,0.0,-92
4863,1.0,0.0019,-14.0,0.095,85201,272.80029325497435,11689,66,0.0,-14
4864,1.0,0.0019,-14.0,0.095,85261,272.80029325497435,11681,60,0.0,-8
4865,1.0,0.0019,-14.0,0.095,85321,272.80029325497435,11699,60,0.0,18
4866,1.0,0.0019,-14.0,0.095,85369,272.80029325497435,11675,48,0.0,-24
4867,1.0,0.0019,-14.0,0.095,85447,274.14229881577927,11709,78,1.342005560804921,34
4868,1.0,0.0019,-14.0,0.095,85519,274.14229881577927,11733,72,0.0,24
4869,1.0,0.0019,-14.0,0.095,85555,274.14229881577927,11747,36,0.0,14
4870,1.0,0.0019,-14.0,0.095,85591,274.14229881577927,11757,36,0.0,10
4871,1.0,0.0019,-14.0,0.095,85627,274.14229881577927,11783,36,0.0,26
4872,1.0,0.0019,-14.0,0.095,85651,274.14229881577927,11803,24,0.0,20
4873,1.0,0.0019,-14.0,0.095,85699,274.14229881577927,11809,48,0.0,6
4874,1.0,0.0019,-14.0,0.095,85735,274.14229881577927,11841,36,0.0,32
4875,1.0,0.0019,-14.0,0.095,85759,274.14229881577927,11843,24,0.0,2
4876,1.0,0.0019,-14.0,0.095,85831,274.14229881577927,11765,72,0.0,-78
4877,1.0,0.0019,-14.0,0.095,85855,274.14229881577927,11765,24,0.0,0
4878,1.0,0.0019,-14.0,0.095,85915,274.14229881577927,11787,60,0.0,22
4879,1.0,0.0019,-14.0,0.095,85927,274.14229881577927,11767,12,0.0,-20
4880,1.0,0.0019,-14.0,0.095,85939,274.14229881577927,11747,12,0.0,-20
4881,1.0,0.0019,-14.0,0.095,85975,274.14229881577927,11729,36,0.0,-18
4882,1.0,0.0019,-14.0,0.095,86059,274.14229881577927,11733,84,0.0,4
4883,1.0,0.0019,-14.0,0.095,86071,274.14229881577927,11685,12,0.0,-48
4884,1.0,0.0019,-14.0,0.095,86083,274.14229881577927,11685,12,0.0,0
4885,1.0,0.0019,-14.0,0.095,86083,274.14229881577927,11685,0,0.0,0
4886,1.0,0.0019,-14.0,0.095,86107,274.14229881577927,11681,24,0.0,-4
4887,1.0,0.0019,-14.0,0.095,86125,275.0363612324741,11683,18,0.894062416694851,2
4888,1.0,0.0019,-14.0,0.095,86209,275.0363612324741,11705,84,0.0,22
4889,1.0,0.0019,-14.0,0.095,86245,275.0363612324741,11705,36,0.0,0
4890,1.0,0.0019,-14.0,0.095,86281,275.0363612324741,11705,36,0.0,0
4891,1.0,0.0019,-14.0,0.095,86317,275.0363612324741,11701,36,0.0,-4
4892,1.0,0.0019,-14.0,0.095,86389,275.0363612324741,11743,72,0.0,42
4893,1.0,0.0019,-14.0,0.095,86461,275.0363612324741,11741,72,0.0,-2
4894,1.0,0.0019,-14.0,0.095,86521,275.0363612324741,11733,60,0.0,-8
4895,1.0,0.0019,-14.0,0.095,86557,275.0363612324741,11761,36,0.0,28
4896,1.0,0.0019,-14.0,0.095,86593,275.0363612324741,11779,36,0.0,18
4897,1.0,0.0019,-14.0,0.095,86665,275.0363612324741,11805,72,0.0,26
4898,1.0,0.0019,-14.0,0.095,86737,275.0363612324741,11785,72,0.0,-20
4899,1.0,0.0019,-14.0,0.095,86737,275.0363612324741,11785,0,0.0,0
4900,1.0,0.0019,-14.0,0.095,86773,275.0363612324741,11761,36,0.0,-24
4901,1.0,0.0019,-14.0,0.095,86821,275.0363612324741,11779,48,0.0,18
4902,1.0,0.0019,-14.0,0.095,86869,275.0363612324741,11773,48,0.0,-6
4903,1.0,0.0019,-14.0,0.095,86929,275.0363612324741,11799,60,0.0,26
4904,1.0,0.0019,-14.0,0.095,86965,275.0363612324741,11819,36,0.0,20
4905,1.0,0.0019,-14.0,0.095,87001,275.0363612324741,11833,36,0.0,14
4906,1.0,0.0019,-14.0,0.095,87073,275.0363612324741,11863,72,0.0,30
4907,1.0,0.0019,-14.0,0.095,87103,276.3783638420345,11871,30,1.3420026095603816,8
4908,1.0,0.0019,-14.0,0.095,87211,276.3783638420345,11893,108,0.0,22
4909,1.0,0.0019,-14.0,0.095,87271,276.3783638420345,11903,60,0.0,10
4910,1.0,0.0019,-14.0,0.095,87295,276.3783638420345,11897,24,0.0,-6
4911,1.0,0.0019,-14.0,0.095,87379,276.3783638420345,11895,84,0.0,-2
4912,1.0,0.0019,-14.0,0.095,87463,276.3783638420345,11875,84,0.0,-20
4913,1.0,0.0019,-14.0,0.095,87475,276.3783638420345,11879,12,0.0,4
4914,1.0,0.0019,-14.0,0.095,87487,276.3783638420345,11891,12,0.0,12
4915,1.0,0.0019,-14.0,0.095,87535,276.3783638420345,11897,48,0.0,6
4916,1.0,0.0019,-14.0,0.095,87559,276.3783638420345,11909,24,0.0,12
4917,1.0,0.0019,-14.0,0.095,87583,276.3783638420345,11933,24,0.0,24
4918,1.0,0.0019,-14.0,0.095,87619,276.3783638420345,11913,36,0.0,-20
4919,1.0,0.0019,-14.0,0.095,87679,276.3783638420345,11913,60,0.0,0
4920,1.0,0.0019,-14.0,0.095,87715,276.3783638420345,11935,36,0.0,22
4921,1.0,0.0019,-14.0,0.095,87775,276.3783638420345,11961,60,0.0,26
4922,1.0,0.0019,-14.0,0.095,87835,276.3783638420345,11967,60,0.0,6
4923,1.0,0.0019,-14.0,0.095,87859,276.3783638420345,11969,24,0.0,2
4924,1.0,0.0019,-14.0,0.095,87895,276.3783638420345,11969,36,0.0,0
4925,1.0,0.0019,-14.0,0.095,87907,276.3783638420345,11981,12,0.0,12
4926,1.0,0.0019,-14.0,0.095,87943,276.3783638420345,11993,36,0.0,12
4927,1.0,0.0019,-14.0,0.095,87997,277.27242920997395,12029,54,0.8940653679394472,36
4928,1.0,0.0019,-14.0,0.095,88045,277.27242920997395,12041,48,0.0,12
4929,1.0,0.0019,-14.0,0.095,88081,277.27242920997395,12017,36,0.0,-24
4930,1.0,0.0019,-14.0,0.095,88141,277.27242920997395,12035,60,0.0,18
4931,1.0,0.0019,-14.0,0.095,88201,277.27242920997395,12055,60,0.0,20
4932,1.0,0.0019,-14.0,0.095,88225,277.27242920997395,12067,24,0.0,12
4933,1.0,0.0019,-14.0,0.095,88285,277.27242920997395,12041,60,0.0,-26
4934,1.0,0.0019,-14.0,0.095,88333,277.27242920997395,12013,48,0.0,-28
4935,1.0,0.0019,-14.0,0.095,88333,277.27242920997395,12013,0,0.0,0
4936,1.0,0.0019,-14.0,0.095,88381,277.27242920997395,12053,48,0.0,40
4937,1.0,0.0019,-14.0,0.095,88417,277.27242920997395,12077,36,0.0,24
4938,1.0,0.0019,-14.0,0.095,88465,277.27242920997395,12091,48,0.0,14
4939,1.0,0.0019,-14.0,0.095,88531,277.27242920997395,12113,66,0.0,22
4940,1.0,0.0019,-14.0,0.095,88615,277.27242920997395,12123,84,0.0,10
4941,1.0,0.0019,-14.0,0.095,88639,277.27242920997395,12123,24,0.0,0
4942,1.0,0.0019,-14.0,0.095,88651,277.27242920997395,12127,12,0.0,4
4943,1.0,0.0019,-14.0,0.095,88687,277.27242920997395,12121,36,0.0,-6
4944,1.0,0.0019,-14.0,0.095,88771,277.27242920997395,12111,84,0.0,-10
4945,1.0,0.0019,-14.0,0.095,88795,277.27242920997395,12087,24,0.0,-24
4946,1.0,0.0019,-14.0,0.095,88819,277.27242920997395,12093,24,0.0,6
4947,1.0,0.0019,-14.0,0.095,88849,278.61442891566116,12103,30,1.3419997056872148,10
4948,1.0,0.0019,-14.0,0.095,88885,278.61442891566116,12097,36,0.0,-6
4949,1.0,0.0019,-14.0,0.095,88897,278.61442891566116,12101,12,0.0,4
4950,1.0,0.0019,-14.0,0.095,88909,278.61442891566116,12113,12,0.0,12
4951,1.0,0.0019,-14.0,0.095,88933,278.61442891566116,12113,24,0.0,0
4952,1.0,0.0019,-14.0,0.095,88969,278.61442891566116,12107,36,0.0,-6
4953,1.0,0.0019,-14.0,0.095,89005,278.61442891566116,12107,36,0.0,0
4954,1.0,0.0019,-14.0,0.095,89029,278.61442891566116,12111,24,0.0,4
4955,1.0,0.0019,-14.0,0.095,89125,278.61442891566116,12117,96,0.0,6
4956,1.0,0.0019,-14.0,0.095,89149,278.61442891566116,12129,24,0.0,12
4957,1.0,0.0019,-14.0,0.095,89197,278.61442891566116,12111,48,0.0,-18
4958,1.0,0.0019,-14.0,0.095,89233,278.61442891566116,12095,36,0.0,-16
4959,1.0,0.0019,-14.0,0.095,89281,278.61442891566116,12111,48,0.0,16
4960,1.0,0.0019,-14.0,0.095,89329,278.61442891566116,12145,48,0.0,34
4961,1.0,0.0019,-14.0,0.095,89365,278.61442891566116,12167,36,0.0,22
4962,1.0,0.0019,-14.0,0.095,89401,278.61442891566116,12173,36,0.0,6
4963,1.0,0.0019,-14.0,0.095,89401,278.61442891566116,12173,0,0.0,0
4964,1.0,0.0019,-14.0,0.095,89497,278.61442891566116,12197,96,0.0,24
4965,1.0,0.0019,-14.0,0.095,89509,278.61442891566116,12209,12,0.0,12
4966,1.0,0.0019,-14.0,0.095,89557,278.61442891566116,12203,48,0.0,-6
4967,1.0,0.0019,-14.0,0.095,89611,279.5084971874737,12223,54,0.8940682718125572,20
4968,1.0,0.0019,-14.0,0.095,89647,279.5084971874737,12227,36,0.0,4
4969,1.0,0.0019,-14.0,0.095,89731,279.5084971874737,12263,84,0.0,36
4970,1.0,0.0019,-14.0,0.095,89767,279.5084971874737,12297,36,0.0,34
4971,1.0,0.0019,-14.0,0.095,89779,279.5084971874737,12301,12,0.0,4
4972,1.0,0.0019,-14.0,0.095,89839,279.5084971874737,12295,60,0.0,-6
4973,1.0,0.0019,-14.0,0.095,89863,279.5084971874737,12287,24,0.0,-8
4974,1.0,0.0019,-14.0,0.095,89947,279.5084971874737,12259,84,0.0,-28
4975,1.0,0.0019,-14.0,0.095,89995,279.5084971874737,12269,48,0.0,10
4976,1.0,0.0019,-14.0,0.095,90055,279.5084971874737,12275,60,0.0,6
4977,1.0,0.0019,-14.0,0.095,90103,279.5084971874737,12301,48,0.0,26
4978,1.0,0.0019,-14.0,0.095,90103,279.5084971874737,12301,0,0.0,0
4979,1.0,0.0019,-14.0,0.095,90163,279.5084971874737,12301,60,0.0,0
4980,1.0,0.0019,-14.0,0.095,90175,279.5084971874737,12301,12,0.0,0
4981,1.0,0.0019,-14.0,0.095,90187,279.5084971874737,12301,12,0.0,0
4982,1.0,0.0019,-14.0,0.095,90211,279.5084971874737,12313,24,0.0,12
4983,1.0,0.0019,-14.0,0.095,90271,279.5084971874737,12321,60,0.0,8
4984,1.0,0.0019,-14.0,0.095,90319,279.5084971874737,12329,48,0.0,8
4985,1.0,0.0019,-14.0,0.095,90343,279.5084971874737,12341,24,0.0,12
4986,1.0,0.0019,-14.0,0.095,90355,279.5084971874737,12341,12,0.0,0
4987,1.0,0.0019,-14.0,0.095,90385,280.85049403552773,12363,30,1.3419968480540092,22
4988,1.0,0.0019,-14.0,0.095,90493,280.85049403552773,12397,108,0.0,34
4989,1.0,0.0019,-14.0,0.095,90553,280.85049403552773,12389,60,0.0,-8
4990,1.0,0.0019,-14.0,0.095,90613,280.85049403552773,12419,60,0.0,30
4991,1.0,0.0019,-14.0,0.095,90697,280.85049403552773,12413,84,0.0,-6
4992,1.0,0.0019,-14.0,0.095,90709,280.85049403552773,12389,12,0.0,-24
4993,1.0,0.0019,-14.0,0.095,90793,280.85049403552773,12351,84,0.0,-38
4994,1.0,0.0019,-14.0,0.095,90817,280.85049403552773,12355,24,0.0,4
4995,1.0,0.0019,-14.0,0.095,90841,280.85049403552773,12367,24,0.0,12
4996,1.0,0.0019,-14.0,0.095,90877,280.85049403552773,12353,36,0.0,-14
4997,1.0,0.0019,-14.0,0.095,90937,280.85049403552773,12367,60,0.0,14
4998,1.0,0.0019,-14.0,0.095,90985,280.85049403552773,12381,48,0.0,14
4999,1.0,0.0019,-14.0,0.095,91021,280.85049403552773,12399,36,0.0,18
5000,1.0,0.0019,-14.0,0.095,91057,280.85049403552773,12415,36,0.0,16
5001,1.0,0.0019,-14.0,0.095,91129,280.85049403552773,12389,72,0.0,-26
5002,1.0,0.0019,-14.0,0.095,91201,280.85049403552773,12383,72,0.0,-6
5003,1.0,0.0019,-14.0,0.095,91225,280.85049403552773,12407,24,0.0,24
5004,1.0,0.0019,-14.0,0.095,91249,280.85049403552773,12407,24,0.0,0
5005,1.0,0.0019,-14.0,0.095,91285,280.85049403552773,12427,36,0.0,20
5006,1.0,0.0019,-14.0,0.095,91333,280.85049403552773,12405,48,0.0,-22
5007,1.0,0.0019,-14.0,0.095,91375,281.7445651649735,12423,42,0.8940711294457628,18
5008,1.0,0.0019,-14.0,0.095,91387,281.7445651649735,12429,12,0.0,6
5009,1.0,0.0019,-14.0,0.095,91411,281.7445651649735,12437,24,0.0,8
5010,1.0,0.0019,-14.0,0.095,91423,281.7445651649735,12437,12,0.0,0
5011,1.0,0.0019,-14.0,0.095,91447,281.7445651649735,12459,24,0.0,22
5012,1.0,0.0019,-14.0,0.095,91519,281.7445651649735,12485,72,0.0,26
5013,1.0,0.0019,-14.0,0.095,91579,281.7445651649735,12489,60,0.0,4
5014,1.0,0.0019,-14.0,0.095,91603,281.7445651649735,12491,24,0.0,2
5015,1.0,0.0019,-14.0,0.095,91639,281.7445651649735,12467,36,0.0,-24
5016,1.0,0.0019,-14.0,0.095,91741,281.7445651649735,12467,102,0.0,0
5017,1.0,0.0019,-14.0,0.095,91753,281.7445651649735,12479,12,0.0,12
5018,1.0,0.0019,-14.0,0.095,91777,281.7445651649735,12489,24,0.0,10
5019,1.0,0.0019,-14.0,0.095,91801,281.7445651649735,12513,24,0.0,24
5020,1.0,0.0019,-14.0,0.095,91837,281.7445651649735,12513,36,0.0,0
5021,1.0,0.0019,-14.0,0.095,91861,281.7445651649735,12517,24,0.0,4
5022,1.0,0.0019,-14.0,0.095,91909,281.7445651649735,12513,48,0.0,-4
5023,1.0,0.0019,-14.0,0.095,91945,281.7445651649735,12523,36,0.0,10
5024,1.0,0.0019,-14.0,0.095,91981,281.7445651649735,12469,36,0.0,-54
5025,1.0,0.0019,-14.0,0.095,92005,281.7445651649735,12473,24,0.0,4
5026,1.0,0.0019,-14.0,0.095,92029,281.7445651649735,12495,24,0.0,22
5027,1.0,0.0019,-14.0,0.095,92059,283.08655920053855,12513,30,1.341994035565051,18
5028,1.0,0.0019,-14.0,0.095,92095,283.08655920053855,12529,36,0.0,16
5029,1.0,0.0019,-14.0,0.095,92131,283.08655920053855,12531,36,0.0,2
5030,1.0,0.0019,-14.0,0.095,92179,283.08655920053855,12539,48,0.0,8
5031,1.0,0.0019,-14.0,0.095,92203,283.08655920053855,12531,24,0.0,-8
5032,1.0,0.0019,-14.0,0.095,92239,283.08655920053855,12535,36,0.0,4
5033,1.0,0.0019,-14.0,0.095,92251,283.08655920053855,12547,12,0.0,12
5034,1.0,0.0019,-14.0,0.095,92287,283.08655920053855,12573,36,0.0,26
5035,1.0,0.0019,-14.0,0.095,92371,283.08655920053855,12623,84,0.0,50
5036,1.0,0.0019,-14.0,0.095,92419,283.08655920053855,12645,48,0.0,22
5037,1.0,0.0019,-14.0,0.095,92491,283.08655920053855,12649,72,0.0,4
5038,1.0,0.0019,-14.0,0.095,92575,283.08655920053855,12593,84,0.0,-56
5039,1.0,0.0019,-14.0,0.095,92587,283.08655920053855,12593,12,0.0,0
5040,1.0,0.0019,-14.0,0.095,92647,283.08655920053855,12605,60,0.0,12
5041,1.0,0.0019,-14.0,0.095,92647,283.08655920053855,12605,0,0.0,0
5042,1.0,0.0019,-14.0,0.095,92731,283.08655920053855,12627,84,0.0,22
5043,1.0,0.0019,-14.0,0.095,92755,283.08655920053855,12627,24,0.0,0
5044,1.0,0.0019,-14.0,0.095,92839,283.08655920053855,12665,84,0.0,38
5045,1.0,0.0019,-14.0,0.095,92911,283.08655920053855,12675,72,0.0,10
5046,1.0,0.0019,-14.0,0.095,92947,283.08655920053855,12687,36,0.0,12
5047,1.0,0.0019,-14.0,0.095,93013,283.98063314247327,12717,66,0.894073941934721,30
5048,1.0,0.0019,-14.0,0.095,93049,283.98063314247327,12729,36,0.0,12
5049,1.0,0.0019,-14.0,0.095,93073,283.98063314247327,12749,24,0.0,20
5050,1.0,0.0019,-14.0,0.095,93097,283.98063314247327,12771,24,0.0,22
5051,1.0,0.0019,-14.0,0.095,93121,283.98063314247327,12773,24,0.0,2
5052,1.0,0.0019,-14.0,0.095,93217,283.98063314247327,12781,96,0.0,8
5053,1.0,0.0019,-14.0,0.095,93265,283.98063314247327,12795,48,0.0,14
5054,1.0,0.0019,-14.0,0.095,93289,283.98063314247327,12799,24,0.0,4
5055,1.0,0.0019,-14.0,0.095,93289,283.98063314247327,12799,0,0.0,0
5056,1.0,0.0019,-14.0,0.095,93313,283.98063314247327,12799,24,0.0,0
5057,1.0,0.0019,-14.0,0.095,93337,283.98063314247327,12795,24,0.0,-4
5058,1.0,0.0019,-14.0,0.095,93409,283.98063314247327,12831,72,0.0,36
5059,1.0,0.0019,-14.0,0.095,93445,283.98063314247327,12839,36,0.0,8
5060,1.0,0.0019,-14.0,0.095,93493,283.98063314247327,12811,48,0.0,-28
5061,1.0,0.0019,-14.0,0.095,93577,283.98063314247327,12825,84,0.0,14
5062,1.0,0.0019,-14.0,0.095,93613,283.98063314247327,12831,36,0.0,6
5063,1.0,0.0019,-14.0,0.095,93673,283.98063314247327,12891,60,0.0,60
5064,1.0,0.0019,-14.0,0.095,93697,283.98063314247327,12887,24,0.0,-4
5065,1.0,0.0019,-14.0,0.095,93769,283.98063314247327,12913,72,0.0,26
5066,1.0,0.0019,-14.0,0.095,93829,283.98063314247327,12913,60,0.0,0
5067,1.0,0.0019,-14.0,0.095,93931,285.3226244096321,12919,102,1.3419912671588463,6
5068,1.0,0.0019,-14.0,0.095,93979,285.3226244096321,12935,48,0.0,16
5069,1.0,0.0019,-14.0,0.095,93991,285.3226244096321,12947,12,0.0,12
5070,1.0,0.0019,-14.0,0.095,94063,285.3226244096321,12937,72,0.0,-10
5071,1.0,0.0019,-14.0,0.095,94111,285.3226244096321,12941,48,0.0,4
5072,1.0,0.0019,-14.0,0.095,94135,285.3226244096321,12937,24,0.0,-4
5073,1.0,0.0019,-14.0,0.095,94183,285.3226244096321,12953,48,0.0,16
5074,1.0,0.0019,-14.0,0.095,94279,285.3226244096321,12919,96,0.0,-34
5075,1.0,0.0019,-14.0,0.095,94303,285.3226244096321,12921,24,0.0,2
5076,1.0,0.0019,-14.0,0.095,94375,285.3226244096321,12899,72,0.0,-22
5077,1.0,0.0019,-14.0,0.095,94435,285.3226244096321,12909,60,0.0,10
5078,1.0,0.0019,-14.0,0.095,94483,285.3226244096321,12911,48,0.0,2
5079,1.0,0.0019,-14.0,0.095,94531,285.3226244096321,12945,48,0.0,34
5080,1.0,0.0019,-14.0,0.095,94567,285.3226244096321,12951,36,0.0,6
5081,1.0,0.0019,-14.0,0.095,94639,285.3226244096321,12941,72,0.0,-10
5082,1.0,0.0019,-14.0,0.095,94711,285.3226244096321,12933,72,0.0,-8
5083,1.0,0.0019,-14.0,0.095,94759,285.3226244096321,12941,48,0.0,8
5084,1.0,0.0019,-14.0,0.095,94795,285.3226244096321,12941,36,0.0,0
5085,1.0,0.0019,-14.0,0.095,94843,285.3226244096321,12955,48,0.0,14
5086,1.0,0.0019,-14.0,0.095,94867,285.3226244096321,12931,24,0.0,-24
5087,1.0,0.0019,-14.0,0.095,94897,286.2167011199731,12949,30,0.8940767103409826,18
5088,1.0,0.0019,-14.0,0.095,94921,286.2167011199731,12951,24,0.0,2
5089,1.0,0.0019,-14.0,0.095,94945,286.2167011199731,12911,24,0.0,-40
5090,1.0,0.0019,-14.0,0.095,94969,286.2167011199731,12913,24,0.0,2
5091,1.0,0.0019,-14.0,0.095,94993,286.2167011199731,12929,24,0.0,16
5092,1.0,0.0019,-14.0,0.095,95029,286.2167011199731,12927,36,0.0,-2
5093,1.0,0.0019,-14.0,0.095,95077,286.2167011199731,12937,48,0.0,10
5094,1.0,0.0019,-14.0,0.095,95077,286.2167011199731,12937,0,0.0,0
5095,1.0,0.0019,-14.0,0.095,95089,286.2167011199731,12937,12,0.0,0
5096,1.0,0.0019,-14.0,0.095,95113,286.2167011199731,12929,24,0.0,-8
5097,1.0,0.0019,-14.0,0.095,95161,286.2167011199731,12931,48,0.0,2
5098,1.0,0.0019,-14.0,0.095,95197,286.2167011199731,12883,36,0.0,-48
5099,1.0,0.0019,-14.0,0.095,95221,286.2167011199731,12883,24,0.0,0
5100,1.0,0.0019,-14.0,0.095,95257,286.2167011199731,12887,36,0.0,4
5101,1.0,0.0019,-14.0,0.095,95305,286.2167011199731,12921,48,0.0,34
5102,1.0,0.0019,-14.0,0.095,95365,286.2167011199731,12915,60,0.0,-6
5103,1.0,0.0019,-14.0,0.095,95413,286.2167011199731,12913,48,0.0,-2
5104,1.0,0.0019,-14.0,0.095,95485,286.2167011199731,12941,72,0.0,28
5105,1.0,0.0019,-14.0,0.095,95617,286.2167011199731,12983,132,0.0,42
5106,1.0,0.0019,-14.0,0.095,95641,286.2167011199731,12989,24,0.0,6
5107,1.0,0.0019,-14.0,0.095,95755,287.5586896617802,13033,114,1.3419885418070976,44
5108,1.0,0.0019,-14.0,0.095,95827,287.5586896617802,13035,72,0.0,2
5109,1.0,0.0019,-14.0,0.095,95827,287.5586896617802,13035,0,0.0,0
5110,1.0,0.0019,-14.0,0.095,95863,287.5586896617802,13039,36,0.0,4
5111,1.0,0.0019,-14.0,0.095,95863,287.5586896617802,13039,0,0.0,0
5112,1.0,0.0019,-14.0,0.095,95911,287.5586896617802,13029,48,0.0,-10
5113,1.0,0.0019,-14.0,0.095,95947,287.5586896617802,13033,36,0.0,4
5114,1.0,0.0019,-14.0,0.095,95983,287.5586896617802,13057,36,0.0,24
5115,1.0,0.0019,-14.0,0.095,96043,287.5586896617802,13087,60,0.0,30
5116,1.0,0.0019,-14.0,0.095,96103,287.5586896617802,13043,60,0.0,-44
5117,1.0,0.0019,-14.0,0.095,96175,287.5586896617802,13057,72,0.0,14
5118,1.0,0.0019,-14.0,0.095,96211,287.5586896617802,13081,36,0.0,24
5119,1.0,0.0019,-14.0,0.095,96283,287.5586896617802,13057,72,0.0,-24
5120,1.0,0.0019,-14.0,0.095,96295,287.5586896617802,13057,12,0.0,0
5121,1.0,0.0019,-14.0,0.095,96343,287.5586896617802,13049,48,0.0,-8
5122,1.0,0.0019,-14.0,0.095,96391,287.5586896617802,13063,48,0.0,14
5123,1.0,0.0019,-14.0,0.095,96439,287.5586896617802,13011,48,0.0,-52
5124,1.0,0.0019,-14.0,0.095,96451,287.5586896617802,13011,12,0.0,0
5125,1.0,0.0019,-14.0,0.095,96451,287.5586896617802,13011,0,0.0,0
5126,1.0,0.0019,-14.0,0.095,96499,287.5586896617802,13033,48,0.0,22
5127,1.0,0.0019,-14.0,0.095,96529,288.45276909747287,13053,30,0.8940794356926745,20
5128,1.0,0.0019,-14.0,0.095,96565,288.45276909747287,13061,36,0.0,8
5129,1.0,0.0019,-14.0,0.095,96589,288.45276909747287,13057,24,0.0,-4
5130,1.0,0.0019,-14.0,0.095,96601,288.45276909747287,13057,12,0.0,0
5131,1.0,0.0019,-14.0,0.095,96637,288.45276909747287,13037,36,0.0,-20
5132,1.0,0.0019,-14.0,0.095,96661,288.45276909747287,13041,24,0.0,4
5133,1.0,0.0019,-14.0,0.095,96709,288.45276909747287,13077,48,0.0,36
5134,1.0,0.0019,-14.0,0.095,96757,288.45276909747287,13103,48,0.0,26
5135,1.0,0.0019,-14.0,0.095,96799,288.45276909747287,13091,42,0.0,-12
5136,1.0,0.0019,-14.0,0.095,96823,288.45276909747287,13113,24,0.0,22
5137,1.0,0.0019,-14.0,0.095,96895,288.45276909747287,13153,72,0.0,40
5138,1.0,0.0019,-14.0,0.095,96931,288.45276909747287,13137,36,0.0,-16
5139,1.0,0.0019,-14.0,0.095,96967,288.45276909747287,13141,36,0.0,4
5140,1.0,0.0019,-14.0,0.095,97051,288.45276909747287,13137,84,0.0,-4
5141,1.0,0.0019,-14.0,0.095,97099,288.45276909747287,13149,48,0.0,12
5142,1.0,0.0019,-14.0,0.095,97147,288.45276909747287,13143,48,0.0,-6
5143,1.0,0.0019,-14.0,0.095,97243,288.45276909747287,13079,96,0.0,-64
5144,1.0,0.0019,-14.0,0.095,97291,288.45276909747287,13073,48,0.0,-6
5145,1.0,0.0019,-14.0,0.095,97351,288.45276909747287,13077,60,0.0,4
5146,1.0,0.0019,-14.0,0.095,97399,288.45276909747287,13089,48,0.0,12
5147,1.0,0.0019,-14.0,0.095,97429,289.79475495598604,13095,30,1.3419858585131692,6
5148,1.0,0.0019,-14.0,0.095,97549,289.79475495598604,13125,120,0.0,30
5149,1.0,0.0019,-14.0,0.095,97561,289.79475495598604,13125,12,0.0,0
5150,1.0,0.0019,-14.0,0.095,97645,289.79475495598604,13163,84,0.0,38
5151,1.0,0.0019,-14.0,0.095,97693,289.79475495598604,13187,48,0.0,24
5152,1.0,0.0019,-14.0,0.095,97777,289.79475495598604,13141,84,0.0,-46
5153,1.0,0.0019,-14.0,0.095,97801,289.79475495598604,13141,24,0.0,0
5154,1.0,0.0019,-14.0,0.095,97801,289.79475495598604,13141,0,0.0,0
5155,1.0,0.0019,-14.0,0.095,97861,289.79475495598604,13151,60,0.0,10
5156,1.0,0.0019,-14.0,0.095,97969,289.79475495598604,13113,108,0.0,-38
5157,1.0,0.0019,-14.0,0.095,98017,289.79475495598604,13125,48,0.0,12
5158,1.0,0.0019,-14.0,0.095,98113,289.79475495598604,13113,96,0.0,-12
5159,1.0,0.0019,-14.0,0.095,98149,289.79475495598604,13105,36,0.0,-8
5160,1.0,0.0019,-14.0,0.095,98221,289.79475495598604,13131,72,0.0,26
5161,1.0,0.0019,-14.0,0.095,98293,289.79475495598604,13173,72,0.0,42
5162,1.0,0.0019,-14.0,0.095,98389,289.79475495598604,13179,96,0.0,6
5163,1.0,0.0019,-14.0,0.095,98425,289.79475495598604,13195,36,0.0,16
5164,1.0,0.0019,-14.0,0.095,98461,289.79475495598604,13193,36,0.0,-2
5165,1.0,0.0019,-14.0,0.095,98497,289.79475495598604,13227,36,0.0,34
5166,1.0,0.0019,-14.0,0.095,98533,289.79475495598604,13241,36,0.0,14
5167,1.0,0.0019,-14.0,0.095,98587,290.68883707497264,13275,54,0.8940821189866028,34
5168,1.0,0.0019,-14.0,0.095,98599,290.68883707497264,13275,12,0.0,0
5169,1.0,0.0019,-14.0,0.095,98623,290.68883707497264,13271,24,0.0,-4
5170,1.0,0.0019,-14.0,0.095,98719,290.68883707497264,13281,96,0.0,10
5171,1.0,0.0019,-14.0,0.095,98743,290.68883707497264,13305,24,0.0,24
5172,1.0,0.0019,-14.0,0.095,98803,290.68883707497264,13327,60,0.0,22
5173,1.0,0.0019,-14.0,0.095,98863,290.68883707497264,13317,60,0.0,-10
5174,1.0,0.0019,-14.0,0.095,98875,290.68883707497264,13293,12,0.0,-24
5175,1.0,0.0019,-14.0,0.095,98923,290.68883707497264,13313,48,0.0,20
5176,1.0,0.0019,-14.0,0.095,98971,290.68883707497264,13341,48,0.0,28
5177,1.0,0.0019,-14.0,0.095,98983,290.68883707497264,13341,12,0.0,0
5178,1.0,0.0019,-14.0,0.095,99013,290.68883707497264,13345,30,0.0,4
5179,1.0,0.0019,-14.0,0.095,99049,290.68883707497264,13339,36,0.0,-6
5180,1.0,0.0019,-14.0,0.095,99085,290.68883707497264,13343,36,0.0,4
5181,1.0,0.0019,-14.0,0.095,99121,290.68883707497264,13343,36,0.0,0
5182,1.0,0.0019,-14.0,0.095,99169,290.68883707497264,13365,48,0.0,22
5183,1.0,0.0019,-14.0,0.095,99181,290.68883707497264,13343,12,0.0,-22
5184,1.0,0.0019,-14.0,0.095,99265,290.68883707497264,13347,84,0.0,4
5185,1.0,0.0019,-14.0,0.095,99313,290.68883707497264,13327,48,0.0,-20
5186,1.0,0.0019,-14.0,0.095,99385,290.68883707497264,13291,72,0.0,-36
5187,1.0,0.0019,-14.0,0.095,99463,292.03082029128365,13325,78,1.3419832163110073,34
5188,1.0,0.0019,-14.0,0.095,99547,292.03082029128365,13329,84,0.0,4
5189,1.0,0.0019,-14.0,0.095,99595,292.03082029128365,13355,48,0.0,26
5190,1.0,0.0019,-14.0,0.095,99643,292.03082029128365,13359,48,0.0,4
5191,1.0,0.0019,-14.0,0.095,99679,292.03082029128365,13339,36,0.0,-20
5192,1.0,0.0019,-14.0,0.095,99715,292.03082029128365,13341,36,0.0,2
5193,1.0,0.0019,-14.0,0.095,99775,292.03082029128365,13347,60,0.0,6
5194,1.0,0.0019,-14.0,0.095,99811,292.03082029128365,13343,36,0.0,-4
5195,1.0,0.0019,-14.0,0.095,99895,292.03082029128365,13363,84,0.0,20
5196,1.0,0.0019,-14.0,0.095,99931,292.03082029128365,13399,36,0.0,36
5197,1.0,0.0019,-14.0,0.095,100003,292.03082029128365,13395,72,0.0,-4
5198,1.0,0.0019,-14.0,0.095,100051,292.03082029128365,13393,48,0.0,-2
5199,1.0,0.0019,-14.0,0.095,100063,292.03082029128365,13405,12,0.0,12
5200,1.0,0.0019,-14.0,0.095,100111,292.03082029128365,13435,48,0.0,30
5201,1.0,0.0019,-14.0,0.095,100159,292.03082029128365,13457,48,0.0,22
5202,1.0,0.0019,-14.0,0.095,100171,292.03082029128365,13457,12,0.0,0
5203,1.0,0.0019,-14.0,0.095,100219,292.03082029128365,13455,48,0.0,-2
5204,1.0,0.0019,-14.0,0.095,100279,292.03082029128365,13455,60,0.0,0
5205,1.0,0.0019,-14.0,0.095,100327,292.03082029128365,13463,48,0.0,8
5206,1.0,0.0019,-14.0,0.095,100339,292.03082029128365,13455,12,0.0,-8
5207,1.0,0.0019,-14.0,0.095,100369,292.92490505247247,13461,30,0.8940847611888216,6
5208,1.0,0.0019,-14.0,0.095,100417,292.92490505247247,13461,48,0.0,0
5209,1.0,0.0019,-14.0,0.095,100453,292.92490505247247,13477,36,0.0,16
5210,1.0,0.0019,-14.0,0.095,100489,292.92490505247247,13497,36,0.0,20
5211,1.0,0.0019,-14.0,0.095,100525,292.92490505247247,13505,36,0.0,8
5212,1.0,0.0019,-14.0,0.095,100573,292.92490505247247,13481,48,0.0,-24
5213,1.0,0.0019,-14.0,0.095,100609,292.92490505247247,13507,36,0.0,26
5214,1.0,0.0019,-14.0,0.095,100669,292.92490505247247,13533,60,0.0,26
5215,1.0,0.0019,-14.0,0.095,100717,292.92490505247247,13545,48,0.0,12
5216,1.0,0.0019,-14.0,0.095,100813,292.92490505247247,13587,96,0.0,42
5217,1.0,0.0019,-14.0,0.095,100873,292.92490505247247,13613,60,0.0,26
5218,1.0,0.0019,-14.0,0.095,100897,292.92490505247247,13627,24,0.0,14
5219,1.0,0.0019,-14.0,0.095,100945,292.92490505247247,13625,48,0.0,-2
5220,1.0,0.0019,-14.0,0.095,101005,292.92490505247247,13639,60,0.0,14
5221,1.0,0.0019,-14.0,0.095,101053,292.92490505247247,13609,48,0.0,-30
5222,1.0,0.0019,-14.0,0.095,101065,292.92490505247247,13621,12,0.0,12
5223,1.0,0.0019,-14.0,0.095,101101,292.92490505247247,13603,36,0.0,-18
5224,1.0,0.0019,-14.0,0.095,101173,292.92490505247247,13611,72,0.0,8
5225,1.0,0.0019,-14.0,0.095,101209,292.92490505247247,13631,36,0.0,20
5226,1.0,0.0019,-14.0,0.095,101257,292.92490505247247,13635,48,0.0,4
5227,1.0,0.0019,-14.0,0.095,101323,294.2668856667362,13659,66,1.3419806142637185,24
5228,1.0,0.0019,-14.0,0.095,101383,294.2668856667362,13675,60,0.0,16
5229,1.0,0.0019,-14.0,0.095,101407,294.2668856667362,13695,24,0.0,20
5230,1.0,0.0019,-14.0,0.095,101419,294.2668856667362,13707,12,0.0,12
5231,1.0,0.0019,-14.0,0.095,101491,294.2668856667362,13717,72,0.0,10
5232,1.0,0.0019,-14.0,0.095,101539,294.2668856667362,13693,48,0.0,-24
5233,1.0,0.0019,-14.0,0.095,101599,294.2668856667362,13703,60,0.0,10
5234,1.0,0.0019,-14.0,0.095,101611,294.2668856667362,13715,12,0.0,12
5235,1.0,0.0019,-14.0,0.095,101671,294.2668856667362,13733,60,0.0,18
5236,1.0,0.0019,-14.0,0.095,101719,294.2668856667362,13729,48,0.0,-4
5237,1.0,0.0019,-14.0,0.095,101743,294.2668856667362,13751,24,0.0,22
5238,1.0,0.0019,-14.0,0.095,101779,294.2668856667362,13765,36,0.0,14
5239,1.0,0.0019,-14.0,0.095,101887,294.2668856667362,13771,108,0.0,6
5240,1.0,0.0019,-14.0,0.095,101923,294.2668856667362,13747,36,0.0,-24
5241,1.0,0.0019,-14.0,0.095,101971,294.2668856667362,13735,48,0.0,-12
5242,1.0,0.0019,-14.0,0.095,102055,294.2668856667362,13721,84,0.0,-14
5243,1.0,0.0019,-14.0,0.095,102079,294.2668856667362,13733,24,0.0,12
5244,1.0,0.0019,-14.0,0.095,102115,294.2668856667362,13737,36,0.0,4
5245,1.0,0.0019,-14.0,0.095,102151,294.2668856667362,13765,36,0.0,28
5246,1.0,0.0019,-14.0,0.095,102187,294.2668856667362,13787,36,0.0,22
5247,1.0,0.0019,-14.0,0.095,102217,295.16097302997224,13783,30,0.8940873632360535,-4
5248,1.0,0.0019,-14.0,0.095,102289,295.16097302997224,13789,72,0.0,6
5249,1.0,0.0019,-14.0,0.095,102349,295.16097302997224,13787,60,0.0,-2
5250,1.0,0.0019,-14.0,0.095,102397,295.16097302997224,13799,48,0.0,12
5251,1.0,0.0019,-14.0,0.095,102445,295.16097302997224,13811,48,0.0,12
5252,1.0,0.0019,-14.0,0.095,102517,295.16097302997224,13829,72,0.0,18
5253,1.0,0.0019,-14.0,0.095,102577,295.16097302997224,13843,60,0.0,14
5254,1.0,0.0019,-14.0,0.095,102613,295.16097302997224,13841,36,0.0,-2
5255,1.0,0.0019,-14.0,0.095,102649,295.16097302997224,13843,36,0.0,2
5256,1.0,0.0019,-14.0,0.095,102733,295.16097302997224,13839,84,0.0,-4
5257,1.0,0.0019,-14.0,0.095,102793,295.16097302997224,13835,60,0.0,-4
5258,1.0,0.0019,-14.0,0.095,102853,295.16097302997224,13837,60,0.0,2
5259,1.0,0.0019,-14.0,0.095,102913,295.16097302997224,13853,60,0.0,16
5260,1.0,0.0019,-14.0,0.095,102913,295.16097302997224,13853,0,0.0,0
5261,1.0,0.0019,-14.0,0.095,102913,295.16097302997224,13853,0,0.0,0
5262,1.0,0.0019,-14.0,0.095,102949,295.16097302997224,13863,36,0.0,10
5263,1.0,0.0019,-14.0,0.095,102997,295.16097302997224,13885,48,0.0,22
5264,1.0,0.0019,-14.0,0.095,103081,295.16097302997224,13853,84,0.0,-32
5265,1.0,0.0019,-14.0,0.095,103129,295.16097302997224,13855,48,0.0,2
5266,1.0,0.0019,-14.0,0.095,103201,295.16097302997224,13893,72,0.0,38
5267,1.0,0.0019,-14.0,0.095,103267,296.5029510814353,13911,66,1.3419780514630588,18
5268,1.0,0.0019,-14.0,0.095,103315,296.5029510814353,13937,48,0.0,26
5269,1.0,0.0019,-14.0,0.095,103375,296.5029510814353,13959,60,0.0,22
5270,1.0,0.0019,-14.0,0.095,103423,296.5029510814353,13983,48,0.0,24
5271,1.0,0.0019,-14.0,0.095,103447,296.5029510814353,13979,24,0.0,-4
5272,1.0,0.0019,-14.0,0.095,103519,296.5029510814353,13981,72,0.0,2
5273,1.0,0.0019,-14.0,0.095,103531,296.5029510814353,13981,12,0.0,0
5274,1.0,0.0019,-14.0,0.095,103579,296.5029510814353,14015,48,0.0,34
5275,1.0,0.0019,-14.0,0.095,103627,296.5029510814353,14019,48,0.0,4
5276,1.0,0.0019,-14.0,0.095,103639,296.5029510814353,14031,12,0.0,12
5277,1.0,0.0019,-14.0,0.095,103693,296.5029510814353,14001,54,0.0,-30
5278,1.0,0.0019,-14.0,0.095,103825,296.5029510814353,13943,132,0.0,-58
5279,1.0,0.0019,-14.0,0.095,103837,296.5029510814353,13945,12,0.0,2
5280,1.0,0.0019,-14.0,0.095,103873,296.5029510814353,13945,36,0.0,0
5281,1.0,0.0019,-14.0,0.095,103933,296.5029510814353,13953,60,0.0,8
5282,1.0,0.0019,-14.0,0.095,103993,296.5029510814353,13953,60,0.0,0
5283,1.0,0.0019,-14.0,0.095,104041,296.5029510814353,13963,48,0.0,10
5284,1.0,0.0019,-14.0,0.095,104137,296.5029510814353,14005,96,0.0,42
5285,1.0,0.0019,-14.0,0.095,104245,296.5029510814353,14037,108,0.0,32
5286,1.0,0.0019,-14.0,0.095,104329,296.5029510814353,14047,84,0.0,10
5287,1.0,0.0019,-14.0,0.095,104419,297.397041007472,14067,90,0.8940899260367132,20
5288,1.0,0.0019,-14.0,0.095,104491,297.397041007472,14089,72,0.0,22
5289,1.0,0.0019,-14.0,0.095,104515,297.397041007472,14103,24,0.0,14
5290,1.0,0.0019,-14.0,0.095,104563,297.397041007472,14125,48,0.0,22
5291,1.0,0.0019,-14.0,0.095,104623,297.397041007472,14111,60,0.0,-14
5292,1.0,0.0019,-14.0,0.095,104683,297.397041007472,14067,60,0.0,-44
5293,1.0,0.0019,-14.0,0.095,104719,297.397041007472,14069,36,0.0,2
5294,1.0,0.0019,-14.0,0.095,104719,297.397041007472,14069,0,0.0,0
5295,1.0,0.0019,-14.0,0.095,104743,297.397041007472,14069,24,0.0,0
5296,1.0,0.0019,-14.0,0.095,104767,297.397041007472,14055,24,0.0,-14
5297,1.0,0.0019,-14.0,0.095,104827,297.397041007472,14073,60,0.0,18
5298,1.0,0.0019,-14.0,0.095,104887,297.397041007472,14099,60,0.0,26
5299,1.0,0.0019,-14.0,0.095,104947,297.397041007472,14117,60,0.0,18
5300,1.0,0.0019,-14.0,0.095,105019,297.397041007472,14109,72,0.0,-8
5301,1.0,0.0019,-14.0,0.095,105055,297.397041007472,14133,36,0.0,24
5302,1.0,0.0019,-14.0,0.095,105127,297.397041007472,14085,72,0.0,-48
5303,1.0,0.0019,-14.0,0.095,105211,297.397041007472,14149,84,0.0,64
5304,1.0,0.0019,-14.0,0.095,105259,297.397041007472,14173,48,0.0,24
5305,1.0,0.0019,-14.0,0.095,105307,297.397041007472,14189,48,0.0,16
5306,1.0,0.0019,-14.0,0.095,105343,297.397041007472,14189,36,0.0,0
5307,1.0,0.0019,-14.0,0.095,105385,298.73901653449957,14189,42,1.3419755270275573,0
5308,1.0,0.0019,-14.0,0.095,105481,298.73901653449957,14203,96,0.0,14
5309,1.0,0.0019,-14.0,0.095,105517,298.73901653449957,14211,36,0.0,8
5310,1.0,0.0019,-14.0,0.095,105565,298.73901653449957,14191,48,0.0,-20
5311,1.0,0.0019,-14.0,0.095,105577,298.73901653449957,14191,12,0.0,0
5312,1.0,0.0019,-14.0,0.095,105589,298.73901653449957,14187,12,0.0,-4
5313,1.0,0.0019,-14.0,0.095,105637,298.73901653449957,14203,48,0.0,16
5314,1.0,0.0019,-14.0,0.095,105697,298.73901653449957,14211,60,0.0,8
5315,1.0,0.0019,-14.0,0.095,105721,298.73901653449957,14225,24,0.0,14
5316,1.0,0.0019,-14.0,0.095,105793,298.73901653449957,14215,72,0.0,-10
5317,1.0,0.0019,-14.0,0.095,105829,298.73901653449957,14219,36,0.0,4
5318,1.0,0.0019,-14.0,0.095,105877,298.73901653449957,14227,48,0.0,8
5319,1.0,0.0019,-14.0,0.095,105913,298.73901653449957,14215,36,0.0,-12
5320,1.0,0.0019,-14.0,0.095,105961,298.73901653449957,14215,48,0.0,0
5321,1.0,0.0019,-14.0,0.095,105997,298.73901653449957,14207,36,0.0,-8
5322,1.0,0.0019,-14.0,0.095,106105,298.73901653449957,14215,108,0.0,8
5323,1.0,0.0019,-14.0,0.095,106141,298.73901653449957,14249,36,0.0,34
5324,1.0,0.0019,-14.0,0.095,106153,298.73901653449957,14249,12,0.0,0
5325,1.0,0.0019,-14.0,0.095,106213,298.73901653449957,14213,60,0.0,-36
5326,1.0,0.0019,-14.0,0.095,106297,298.73901653449957,14195,84,0.0,-18
5327,1.0,0.0019,-14.0,0.095,106351,299.63310898497184,14217,54,0.8940924504722716,22
5328,1.0,0.0019,-14.0,0.095,106399,299.63310898497184,14191,48,0.0,-26
5329,1.0,0.0019,-14.0,0.095,106483,299.63310898497184,14159,84,0.0,-32
5330,1.0,0.0019,-14.0,0.095,106543,299.63310898497184,14169,60,0.0,10
5331,1.0,0.0019,-14.0,0.095,106591,299.63310898497184,14195,48,0.0,26
5332,1.0,0.0019,-14.0,0.095,106663,299.63310898497184,14229,72,0.0,34
5333,1.0,0.0019,-14.0,0.095,106711,299.63310898497184,14239,48,0.0,10
5334,1.0,0.0019,-14.0,0.095,106735,299.63310898497184,14243,24,0.0,4
5335,1.0,0.0019,-14.0,0.095,106759,299.63310898497184,14243,24,0.0,0
5336,1.0,0.0019,-14.0,0.095,106807,299.63310898497184,14255,48,0.0,12
5337,1.0,0.0019,-14.0,0.095,106843,299.63310898497184,14273,36,0.0,18
5338,1.0,0.0019,-14.0,0.095,106879,299.63310898497184,14245,36,0.0,-28
5339,1.0,0.0019,-14.0,0.095,106915,299.63310898497184,14241,36,0.0,-4
5340,1.0,0.0019,-14.0,0.095,106939,299.63310898497184,14245,24,0.0,4
5341,1.0,0.0019,-14.0,0.095,106963,299.63310898497184,14249,24,0.0,4
5342,1.0,0.0019,-14.0,0.095,107023,299.63310898497184,14237,60,0.0,-12
5343,1.0,0.0019,-14.0,0.095,107059,299.63310898497184,14241,36,0.0,4
5344,1.0,0.0019,-14.0,0.095,107131,299.63310898497184,14233,72,0.0,-8
5345,1.0,0.0019,-14.0,0.095,107179,299.63310898497184,14251,48,0.0,18
5346,1.0,0.0019,-14.0,0.095,107191,299.63310898497184,14263,12,0.0,12
5347,1.0,0.0019,-14.0,0.095,107293,300.97508202507396,14297,102,1.3419730401021184,34
5348,1.0,0.0019,-14.0,0.095,107341,300.97508202507396,14289,48,0.0,-8
5349,1.0,0.0019,-14.0,0.095,107413,300.97508202507396,14307,72,0.0,18
5350,1.0,0.0019,-14.0,0.095,107437,300.97508202507396,14317,24,0.0,10
5351,1.0,0.0019,-14.0,0.095,107497,300.97508202507396,14353,60,0.0,36
5352,1.0,0.0019,-14.0,0.095,107581,300.97508202507396,14383,84,0.0,30
5353,1.0,0.0019,-14.0,0.095,107629,300.97508202507396,14385,48,0.0,2
5354,1.0,0.0019,-14.0,0.095,107701,300.97508202507396,14379,72,0.0,-6
5355,1.0,0.0019,-14.0,0.095,107713,300.97508202507396,14363,12,0.0,-16
5356,1.0,0.0019,-14.0,0.095,107749,300.97508202507396,14331,36,0.0,-32
5357,1.0,0.0019,-14.0,0.095,107809,300.97508202507396,14343,60,0.0,12
5358,1.0,0.0019,-14.0,0.095,107857,300.97508202507396,14359,48,0.0,16
5359,1.0,0.0019,-14.0,0.095,107917,300.97508202507396,14339,60,0.0,-20
5360,1.0,0.0019,-14.0,0.095,107929,300.97508202507396,14343,12,0.0,4
5361,1.0,0.0019,-14.0,0.095,107989,300.97508202507396,14333,60,0.0,-10
5362,1.0,0.0019,-14.0,0.095,108025,300.97508202507396,14341,36,0.0,8
5363,1.0,0.0019,-14.0,0.095,108037,300.97508202507396,14293,12,0.0,-48
5364,1.0,0.0019,-14.0,0.095,108049,300.97508202507396,14297,12,0.0,4
5365,1.0,0.0019,-14.0,0.095,108085,300.97508202507396,14295,36,0.0,-2
5366,1.0,0.0019,-14.0,0.095,108181,300.97508202507396,14325,96,0.0,30
5367,1.0,0.0019,-14.0,0.095,108235,301.8691769624716,14319,54,0.8940949373976537,-6
5368,1.0,0.0019,-14.0,0.095,108295,301.8691769624716,14343,60,0.0,24
5369,1.0,0.0019,-14.0,0.095,108367,301.8691769624716,14311,72,0.0,-32
5370,1.0,0.0019,-14.0,0.095,108379,301.8691769624716,14287,12,0.0,-24
5371,1.0,0.0019,-14.0,0.095,108427,301.8691769624716,14269,48,0.0,-18
5372,1.0,0.0019,-14.0,0.095,108439,301.8691769624716,14269,12,0.0,0
5373,1.0,0.0019,-14.0,0.095,108487,301.8691769624716,14285,48,0.0,16
5374,1.0,0.0019,-14.0,0.095,108559,301.8691769624716,14319,72,0.0,34
5375,1.0,0.0019,-14.0,0.095,108607,301.8691769624716,14345,48,0.0,26
5376,1.0,0.0019,-14.0,0.095,108703,301.8691769624716,14351,96,0.0,6
5377,1.0,0.0019,-14.0,0.095,108799,301.8691769624716,14389,96,0.0,38
5378,1.0,0.0019,-14.0,0.095,108895,301.8691769624716,14363,96,0.0,-26
5379,1.0,0.0019,-14.0,0.095,108907,301.8691769624716,14367,12,0.0,4
5380,1.0,0.0019,-14.0,0.095,108967,301.8691769624716,14343,60,0.0,-24
5381,1.0,0.0019,-14.0,0.095,109111,301.8691769624716,14335,144,0.0,-8
5382,1.0,0.0019,-14.0,0.095,109171,301.8691769624716,14329,60,0.0,-6
5383,1.0,0.0019,-14.0,0.095,109219,301.8691769624716,14355,48,0.0,26
5384,1.0,0.0019,-14.0,0.095,109291,301.8691769624716,14377,72,0.0,22
5385,1.0,0.0019,-14.0,0.095,109315,301.8691769624716,14387,24,0.0,10
5386,1.0,0.0019,-14.0,0.095,109363,301.8691769624716,14419,48,0.0,32
5387,1.0,0.0019,-14.0,0.095,109405,303.2111475523286,14427,42,1.3419705898569987,8
5388,1.0,0.0019,-14.0,0.095,109477,303.2111475523286,14445,72,0.0,18
5389,1.0,0.0019,-14.0,0.095,109513,303.2111475523286,14443,36,0.0,-2
5390,1.0,0.0019,-14.0,0.095,109561,303.2111475523286,14453,48,0.0,10
5391,1.0,0.0019,-14.0,0.095,109609,303.2111475523286,14457,48,0.0,4
5392,1.0,0.0019,-14.0,0.095,109693,303.2111475523286,14435,84,0.0,-22
5393,1.0,0.0019,-14.0,0.095,109717,303.2111475523286,14439,24,0.0,4
5394,1.0,0.0019,-14.0,0.095,109729,303.2111475523286,14443,12,0.0,4
5395,1.0,0.0019,-14.0,0.095,109753,303.2111475523286,14443,24,0.0,0
5396,1.0,0.0019,-14.0,0.095,109825,303.2111475523286,14453,72,0.0,10
5397,1.0,0.0019,-14.0,0.095,109885,303.2111475523286,14479,60,0.0,26
5398,1.0,0.0019,-14.0,0.095,109981,303.2111475523286,14451,96,0.0,-28
5399,1.0,0.0019,-14.0,0.095,110029,303.2111475523286,14471,48,0.0,20
5400,1.0,0.0019,-14.0,0.095,110065,303.2111475523286,14503,36,0.0,32
5401,1.0,0.0019,-14.0,0.095,110185,303.2111475523286,14577,120,0.0,74
5402,1.0,0.0019,-14.0,0.095,110233,303.2111475523286,14583,48,0.0,6
5403,1.0,0.0019,-14.0,0.095,110269,303.2111475523286,14591,36,0.0,8
5404,1.0,0.0019,-14.0,0.095,110293,303.2111475523286,14591,24,0.0,0
5405,1.0,0.0019,-14.0,0.095,110347,303.2111475523286,14599,54,0.0,8
5406,1.0,0.0019,-14.0,0.095,110359,303.2111475523286,14603,12,0.0,4
5407,1.0,0.0019,-14.0,0.095,110377,304.1052449399714,14615,18,0.8940973876427734,12
5408,1.0,0.0019,-14.0,0.095,110413,304.1052449399714,14611,36,0.0,-4
5409,1.0,0.0019,-14.0,0.095,110437,304.1052449399714,14607,24,0.0,-4
5410,1.0,0.0019,-14.0,0.095,110473,304.1052449399714,14621,36,0.0,14
5411,1.0,0.0019,-14.0,0.095,110545,304.1052449399714,14645,72,0.0,24
5412,1.0,0.0019,-14.0,0.095,110569,304.1052449399714,14657,24,0.0,12
5413,1.0,0.0019,-14.0,0.095,110605,304.1052449399714,14637,36,0.0,-20
5414,1.0,0.0019,-14.0,0.095,110629,304.1052449399714,14623,24,0.0,-14
5415,1.0,0.0019,-14.0,0.095,110665,304.1052449399714,14619,36,0.0,-4
5416,1.0,0.0019,-14.0,0.095,110713,304.1052449399714,14645,48,0.0,26
5417,1.0,0.0019,-14.0,0.095,110845,304.1052449399714,14687,132,0.0,42
5418,1.0,0.0019,-14.0,0.095,110893,304.1052449399714,14713,48,0.0,26
5419,1.0,0.0019,-14.0,0.095,110929,304.1052449399714,14715,36,0.0,2
5420,1.0,0.0019,-14.0,0.095,111001,304.1052449399714,14711,72,0.0,-4
5421,1.0,0.0019,-14.0,0.095,111049,304.1052449399714,14707,48,0.0,-4
5422,1.0,0.0019,-14.0,0.095,111061,304.1052449399714,14711,12,0.0,4
5423,1.0,0.0019,-14.0,0.095,111097,304.1052449399714,14705,36,0.0,-6
5424,1.0,0.0019,-14.0,0.095,111181,304.1052449399714,14683,84,0.0,-22
5425,1.0,0.0019,-14.0,0.095,111229,304.1052449399714,14591,48,0.0,-92
5426,1.0,0.0019,-14.0,0.095,111265,304.1052449399714,14607,36,0.0,16
5427,1.0,0.0019,-14.0,0.095,111319,305.447213115458,14629,54,1.3419681754866133,22
5428,1.0,0.0019,-14.0,0.095,111391,305.447213115458,14623,72,0.0,-6
5429,1.0,0.0019,-14.0,0.095,111415,305.447213115458,14629,24,0.0,6
5430,1.0,0.0019,-14.0,0.095,111427,305.447213115458,14629,12,0.0,0
5431,1.0,0.0019,-14.0,0.095,111487,305.447213115458,14621,60,0.0,-8
5432,1.0,0.0019,-14.0,0.095,111523,305.447213115458,14625,36,0.0,4
5433,1.0,0.0019,-14.0,0.095,111583,305.447213115458,14605,60,0.0,-20
5434,1.0,0.0019,-14.0,0.095,111619,305.447213115458,14633,36,0.0,28
5435,1.0,0.0019,-14.0,0.095,111763,305.447213115458,14629,144,0.0,-4
5436,1.0,0.0019,-14.0,0.095,111799,305.447213115458,14641,36,0.0,12
5437,1.0,0.0019,-14.0,0.095,111811,305.447213115458,14637,12,0.0,-4
5438,1.0,0.0019,-14.0,0.095,111859,305.447213115458,14633,48,0.0,-4
5439,1.0,0.0019,-14.0,0.095,111919,305.447213115458,14649,60,0.0,16
5440,1.0,0.0019,-14.0,0.095,111979,305.447213115458,14685,60,0.0,36
5441,1.0,0.0019,-14.0,0.095,112003,305.447213115458,14707,24,0.0,22
5442,1.0,0.0019,-14.0,0.095,112027,305.447213115458,14713,24,0.0,6
5443,1.0,0.0019,-14.0,0.095,112039,305.447213115458,14713,12,0.0,0
5444,1.0,0.0019,-14.0,0.095,112099,305.447213115458,14723,60,0.0,10
5445,1.0,0.0019,-14.0,0.095,112123,305.447213115458,14727,24,0.0,4
5446,1.0,0.0019,-14.0,0.095,112159,305.447213115458,14711,36,0.0,-16
5447,1.0,0.0019,-14.0,0.095,112189,306.3413129174712,14717,30,0.8940998020132156,6
5448,1.0,0.0019,-14.0,0.095,112249,306.3413129174712,14719,60,0.0,2
5449,1.0,0.0019,-14.0,0.095,112309,306.3413129174712,14743,60,0.0,24
5450,1.0,0.0019,-14.0,0.095,112357,306.3413129174712,14777,48,0.0,34
5451,1.0,0.0019,-14.0,0.095,112369,306.3413129174712,14773,12,0.0,-4
5452,1.0,0.0019,-14.0,0.095,112465,306.3413129174712,14793,96,0.0,20
5453,1.0,0.0019,-14.0,0.095,112549,306.3413129174712,14789,84,0.0,-4
5454,1.0,0.0019,-14.0,0.095,112621,306.3413129174712,14793,72,0.0,4
5455,1.0,0.0019,-14.0,0.095,112693,306.3413129174712,14795,72,0.0,2
5456,1.0,0.0019,-14.0,0.095,112741,306.3413129174712,14797,48,0.0,2
5457,1.0,0.0019,-14.0,0.095,112801,306.3413129174712,14821,60,0.0,24
5458,1.0,0.0019,-14.0,0.095,112813,306.3413129174712,14821,12,0.0,0
5459,1.0,0.0019,-14.0,0.095,112861,306.3413129174712,14817,48,0.0,-4
5460,1.0,0.0019,-14.0,0.095,112885,306.3413129174712,14801,24,0.0,-16
5461,1.0,0.0019,-14.0,0.095,112909,306.3413129174712,14819,24,0.0,18
5462,1.0,0.0019,-14.0,0.095,112993,306.3413129174712,14843,84,0.0,24
5463,1.0,0.0019,-14.0,0.095,113065,306.3413129174712,14851,72,0.0,8
5464,1.0,0.0019,-14.0,0.095,113125,306.3413129174712,14881,60,0.0,30
5465,1.0,0.0019,-14.0,0.095,113149,306.3413129174712,14893,24,0.0,12
5466,1.0,0.0019,-14.0,0.095,113233,306.3413129174712,14909,84,0.0,16
5467,1.0,0.0019,-14.0,0.095,113287,307.68327871367984,14889,54,1.3419657962086262,-20
5468,1.0,0.0019,-14.0,0.095,113347,307.68327871367984,14875,60,0.0,-14
5469,1.0,0.0019,-14.0,0.095,113407,307.68327871367984,14899,60,0.0,24
5470,1.0,0.0019,-14.0,0.095,113479,307.68327871367984,14921,72,0.0,22
5471,1.0,0.0019,-14.0,0.095,113599,307.68327871367984,14915,120,0.0,-6
5472,1.0,0.0019,-14.0,0.095,113623,307.68327871367984,14887,24,0.0,-28
5473,1.0,0.0019,-14.0,0.095,113647,307.68327871367984,14887,24,0.0,0
5474,1.0,0.0019,-14.0,0.095,113659,307.68327871367984,14899,12,0.0,12
5475,1.0,0.0019,-14.0,0.095,113707,307.68327871367984,14911,48,0.0,12
5476,1.0,0.0019,-14.0,0.095,113743,307.68327871367984,14911,36,0.0,0
5477,1.0,0.0019,-14.0,0.095,113791,307.68327871367984,14935,48,0.0,24
5478,1.0,0.0019,-14.0,0.095,113839,307.68327871367984,14945,48,0.0,10
5479,1.0,0.0019,-14.0,0.095,113899,307.68327871367984,14965,60,0.0,20
5480,1.0,0.0019,-14.0,0.095,113911,307.68327871367984,14967,12,0.0,2
5481,1.0,0.0019,-14.0,0.095,113947,307.68327871367984,14945,36,0.0,-22
5482,1.0,0.0019,-14.0,0.095,114067,307.68327871367984,14945,120,0.0,0
5483,1.0,0.0019,-14.0,0.095,114103,307.68327871367984,14967,36,0.0,22
5484,1.0,0.0019,-14.0,0.095,114175,307.68327871367984,14987,72,0.0,20
5485,1.0,0.0019,-14.0,0.095,114199,307.68327871367984,15003,24,0.0,16
5486,1.0,0.0019,-14.0,0.095,114235,307.68327871367984,14999,36,0.0,-4
5487,1.0,0.0019,-14.0,0.095,114265,308.577380894971,15007,30,0.8941021812911458,8
5488,1.0,0.0019,-14.0,0.095,114289,308.577380894971,15011,24,0.0,4
5489,1.0,0.0019,-14.0,0.095,114313,308.577380894971,15023,24,0.0,12
5490,1.0,0.0019,-14.0,0.095,114337,308.577380894971,15019,24,0.0,-4
5491,1.0,0.0019,-14.0,0.095,114361,308.577380894971,15033,24,0.0,14
5492,1.0,0.0019,-14.0,0.095,114433,308.577380894971,15047,72,0.0,14
5493,1.0,0.0019,-14.0,0.095,114481,308.577380894971,15049,48,0.0,2
5494,1.0,0.0019,-14.0,0.095,114529,308.577380894971,15061,48,0.0,12
5495,1.0,0.0019,-14.0,0.095,114589,308.577380894971,15067,60,0.0,6
5496,1.0,0.0019,-14.0,0.095,114709,308.577380894971,15061,120,0.0,-6
5497,1.0,0.0019,-14.0,0.095,114733,308.577380894971,15073,24,0.0,12
5498,1.0,0.0019,-14.0,0.095,114745,308.577380894971,15073,12,0.0,0
5499,1.0,0.0019,-14.0,0.095,114781,308.577380894971,15085,36,0.0,12
5500,1.0,0.0019,-14.0,0.095,114817,308.577380894971,15097,36,0.0,12
5501,1.0,0.0019,-14.0,0.095,114889,308.577380894971,15125,72,0.0,28
5502,1.0,0.0019,-14.0,0.095,114925,308.577380894971,15147,36,0.0,22
5503,1.0,0.0019,-14.0,0.095,115021,308.577380894971,15163,96,0.0,16
5504,1.0,0.0019,-14.0,0.095,115057,308.577380894971,15109,36,0.0,-54
5505,1.0,0.0019,-14.0,0.095,115081,308.577380894971,15125,24,0.0,16
5506,1.0,0.0019,-14.0,0.095,115165,308.577380894971,15161,84,0.0,36
5507,1.0,0.0019,-14.0,0.095,115195,309.9193443462347,15163,30,1.341963451263723,2
5508,1.0,0.0019,-14.0,0.095,115267,309.9193443462347,15179,72,0.0,16
5509,1.0,0.0019,-14.0,0.095,115303,309.9193443462347,15181,36,0.0,2
5510,1.0,0.0019,-14.0,0.095,115375,309.9193443462347,15125,72,0.0,-56
5511,1.0,0.0019,-14.0,0.095,115435,309.9193443462347,15117,60,0.0,-8
5512,1.0,0.0019,-14.0,0.095,115471,309.9193443462347,15101,36,0.0,-16
5513,1.0,0.0019,-14.0,0.095,115471,309.9193443462347,15101,0,0.0,0
5514,1.0,0.0019,-14.0,0.095,115507,309.9193443462347,15123,36,0.0,22
5515,1.0,0.0019,-14.0,0.095,115579,309.9193443462347,15161,72,0.0,38
5516,1.0,0.0019,-14.0,0.095,115627,309.9193443462347,15129,48,0.0,-32
5517,1.0,0.0019,-14.0,0.095,115675,309.9193443462347,15127,48,0.0,-2
5518,1.0,0.0019,-14.0,0.095,115783,309.9193443462347,15071,108,0.0,-56
5519,1.0,0.0019,-14.0,0.095,115843,309.9193443462347,15085,60,0.0,14
5520,1.0,0.0019,-14.0,0.095,115915,309.9193443462347,15077,72,0.0,-8
5521,1.0,0.0019,-14.0,0.095,115951,309.9193443462347,15077,36,0.0,0
5522,1.0,0.0019,-14.0,0.095,116023,309.9193443462347,15107,72,0.0,30
5523,1.0,0.0019,-14.0,0.095,116047,309.9193443462347,15111,24,0.0,4
5524,1.0,0.0019,-14.0,0.095,116131,309.9193443462347,15141,84,0.0,30
5525,1.0,0.0019,-14.0,0.095,116179,309.9193443462347,15145,48,0.0,4
5526,1.0,0.0019,-14.0,0.095,116215,309.9193443462347,15129,36,0.0,-16
5527,1.0,0.0019,-14.0,0.095,116317,310.81344887247076,15191,102,0.894104526236049,62
5528,1.0,0.0019,-14.0,0.095,116425,310.81344887247076,15217,108,0.0,26
5529,1.0,0.0019,-14.0,0.095,116437,310.81344887247076,15229,12,0.0,12
5530,1.0,0.0019,-14.0,0.095,116473,310.81344887247076,15241,36,0.0,12
5531,1.0,0.0019,-14.0,0.095,116509,310.81344887247076,15249,36,0.0,8
5532,1.0,0.0019,-14.0,0.095,116581,310.81344887247076,15253,72,0.0,4
5533,1.0,0.0019,-14.0,0.095,116641,310.81344887247076,15279,60,0.0,26
5534,1.0,0.0019,-14.0,0.095,116653,310.81344887247076,15283,12,0.0,4
5535,1.0,0.0019,-14.0,0.095,116677,310.81344887247076,15279,24,0.0,-4
5536,1.0,0.0019,-14.0,0.095,116701,310.81344887247076,15257,24,0.0,-22
5537,1.0,0.0019,-14.0,0.095,116749,310.81344887247076,15261,48,0.0,4
5538,1.0,0.0019,-14.0,0.095,116809,310.81344887247076,15277,60,0.0,16
5539,1.0,0.0019,-14.0,0.095,116845,310.81344887247076,15291,36,0.0,14
5540,1.0,0.0019,-14.0,0.095,116893,310.81344887247076,15287,48,0.0,-4
5541,1.0,0.0019,-14.0,0.095,116953,310.81344887247076,15307,60,0.0,20
5542,1.0,0.0019,-14.0,0.095,116989,310.81344887247076,15315,36,0.0,8
5543,1.0,0.0019,-14.0,0.095,117061,310.81344887247076,15355,72,0.0,40
5544,1.0,0.0019,-14.0,0.095,117109,310.81344887247076,15363,48,0.0,8
5545,1.0,0.0019,-14.0,0.095,117157,310.81344887247076,15383,48,0.0,20
5546,1.0,0.0019,-14.0,0.095,117217,310.81344887247076,15391,60,0.0,8
5547,1.0,0.0019,-14.0,0.095,117283,312.1554100123847,15393,66,1.3419611399139626,2
5548,1.0,0.0019,-14.0,0.095,117355,312.1554100123847,15421,72,0.0,28
5549,1.0,0.0019,-14.0,0.095,117391,312.1554100123847,15439,36,0.0,18
5550,1.0,0.0019,-14.0,0.095,117451,312.1554100123847,15443,60,0.0,4
5551,1.0,0.0019,-14.0,0.095,117487,312.1554100123847,15457,36,0.0,14
5552,1.0,0.0019,-14.0,0.095,117511,312.1554100123847,15465,24,0.0,8
5553,1.0,0.0019,-14.0,0.095,117535,312.1554100123847,15469,24,0.0,4
5554,1.0,0.0019,-14.0,0.095,117595,312.1554100123847,15481,60,0.0,12
5555,1.0,0.0019,-14.0,0.095,117619,312.1554100123847,15483,24,0.0,2
5556,1.0,0.0019,-14.0,0.095,117667,312.1554100123847,15485,48,0.0,2
5557,1.0,0.0019,-14.0,0.095,117721,312.1554100123847,15475,54,0.0,-10
5558,1.0,0.0019,-14.0,0.095,117793,312.1554100123847,15489,72,0.0,14
5559,1.0,0.0019,-14.0,0.095,117817,312.1554100123847,15503,24,0.0,14
5560,1.0,0.0019,-14.0,0.095,117865,312.1554100123847,15513,48,0.0,10
5561,1.0,0.0019,-14.0,0.095,117913,312.1554100123847,15489,48,0.0,-24
5562,1.0,0.0019,-14.0,0.095,117949,312.1554100123847,15475,36,0.0,-14
5563,1.0,0.0019,-14.0,0.095,118009,312.1554100123847,15433,60,0.0,-42
5564,1.0,0.0019,-14.0,0.095,118045,312.1554100123847,15433,36,0.0,0
5565,1.0,0.0019,-14.0,0.095,118117,312.1554100123847,15437,72,0.0,4
5566,1.0,0.0019,-14.0,0.095,118177,312.1554100123847,15419,60,0.0,-18
5567,1.0,0.0019,-14.0,0.095,118231,313.04951684997053,15457,54,0.8941068375858094,38
5568,1.0,0.0019,-14.0,0.095,118255,313.04951684997053,15467,24,0.0,10
5569,1.0,0.0019,-14.0,0.095,118303,313.04951684997053,15431,48,0.0,-36
5570,1.0,0.0019,-14.0,0.095,118363,313.04951684997053,15445,60,0.0,14
5571,1.0,0.0019,-14.0,0.095,118459,313.04951684997053,15483,96,0.0,38
5572,1.0,0.0019,-14.0,0.095,118519,313.04951684997053,15477,60,0.0,-6
5573,1.0,0.0019,-14.0,0.095,118591,313.04951684997053,15483,72,0.0,6
5574,1.0,0.0019,-14.0,0.095,118627,313.04951684997053,15497,36,0.0,14
5575,1.0,0.0019,-14.0,0.095,118675,313.04951684997053,15509,48,0.0,12
5576,1.0,0.0019,-14.0,0.095,118735,313.04951684997053,15535,60,0.0,26
5577,1.0,0.0019,-14.0,0.095,118783,313.04951684997053,15549,48,0.0,14
5578,1.0,0.0019,-14.0,0.095,118843,313.04951684997053,15551,60,0.0,2
5579,1.0,0.0019,-14.0,0.095,118939,313.04951684997053,15505,96,0.0,-46
5580,1.0,0.0019,-14.0,0.095,118987,313.04951684997053,15529,48,0.0,24
5581,1.0,0.0019,-14.0,0.095,119047,313.04951684997053,15575,60,0.0,46
5582,1.0,0.0019,-14.0,0.095,119095,313.04951684997053,15569,48,0.0,-6
5583,1.0,0.0019,-14.0,0.095,119143,313.04951684997053,15589,48,0.0,20
5584,1.0,0.0019,-14.0,0.095,119215,313.04951684997053,15587,72,0.0,-2
5585,1.0,0.0019,-14.0,0.095,119347,313.04951684997053,15623,132,0.0,36
5586,1.0,0.0019,-14.0,0.095,119395,313.04951684997053,15619,48,0.0,-4
5587,1.0,0.0019,-14.0,0.095,119521,314.391475711413,15667,126,1.3419588614424924,48
5588,1.0,0.0019,-14.0,0.095,119581,314.391475711413,15665,60,0.0,-2
5589,1.0,0.0019,-14.0,0.095,119605,314.391475711413,15665,24,0.0,0
5590,1.0,0.0019,-14.0,0.095,119629,314.391475711413,15667,24,0.0,2
5591,1.0,0.0019,-14.0,0.095,119665,314.391475711413,15673,36,0.0,6
5592,1.0,0.0019,-14.0,0.095,119725,314.391475711413,15637,60,0.0,-36
5593,1.0,0.0019,-14.0,0.095,119785,314.391475711413,15647,60,0.0,10
5594,1.0,0.0019,-14.0,0.095,119893,314.391475711413,15681,108,0.0,34
5595,1.0,0.0019,-14.0,0.095,119941,314.391475711413,15667,48,0.0,-14
5596,1.0,0.0019,-14.0,0.095,120001,314.391475711413,15617,60,0.0,-50
5597,1.0,0.0019,-14.0,0.095,120073,314.391475711413,15627,72,0.0,10
5598,1.0,0.0019,-14.0,0.095,120145,314.391475711413,15643,72,0.0,16
5599,1.0,0.0019,-14.0,0.095,120181,314.391475711413,15619,36,0.0,-24
5600,1.0,0.0019,-14.0,0.095,120193,314.391475711413,15619,12,0.0,0
5601,1.0,0.0019,-14.0,0.095,120241,314.391475711413,15617,48,0.0,-2
5602,1.0,0.0019,-14.0,0.095,120325,314.391475711413,15639,84,0.0,22
5603,1.0,0.0019,-14.0,0.095,120433,314.391475711413,15559,108,0.0,-80
5604,1.0,0.0019,-14.0,0.095,120445,314.391475711413,15559,12,0.0,0
5605,1.0,0.0019,-14.0,0.095,120445,314.391475711413,15559,0,0.0,0
5606,1.0,0.0019,-14.0,0.095,120481,314.391475711413,15555,36,0.0,-4
5607,1.0,0.0019,-14.0,0.095,120499,315.28558482747036,15563,18,0.8941091160573365,8
5608,1.0,0.0019,-14.0,0.095,120523,315.28558482747036,15571,24,0.0,8
5609,1.0,0.0019,-14.0,0.095,120583,315.28558482747036,15555,60,0.0,-16
5610,1.0,0.0019,-14.0,0.095,120619,315.28558482747036,15565,36,0.0,10
5611,1.0,0.0019,-14.0,0.095,120655,315.28558482747036,15545,36,0.0,-20
5612,1.0,0.0019,-14.0,0.095,120703,315.28558482747036,15549,48,0.0,4
5613,1.0,0.0019,-14.0,0.095,120775,315.28558482747036,15591,72,0.0,42
5614,1.0,0.0019,-14.0,0.095,120811,315.28558482747036,15613,36,0.0,22
5615,1.0,0.0019,-14.0,0.095,120847,315.28558482747036,15639,36,0.0,26
5616,1.0,0.0019,-14.0,0.095,120907,315.28558482747036,15687,60,0.0,48
5617,1.0,0.0019,-14.0,0.095,121003,315.28558482747036,15733,96,0.0,46
5618,1.0,0.0019,-14.0,0.095,121027,315.28558482747036,15713,24,0.0,-20
5619,1.0,0.0019,-14.0,0.095,121063,315.28558482747036,15717,36,0.0,4
5620,1.0,0.0019,-14.0,0.095,121123,315.28558482747036,15709,60,0.0,-8
5621,1.0,0.0019,-14.0,0.095,121201,315.28558482747036,15669,78,0.0,-40
5622,1.0,0.0019,-14.0,0.095,121249,315.28558482747036,15663,48,0.0,-6
5623,1.0,0.0019,-14.0,0.095,121333,315.28558482747036,15669,84,0.0,6
5624,1.0,0.0019,-14.0,0.095,121381,315.28558482747036,15687,48,0.0,18
5625,1.0,0.0019,-14.0,0.095,121465,315.28558482747036,15697,84,0.0,10
5626,1.0,0.0019,-14.0,0.095,121489,315.28558482747036,15709,24,0.0,12
5627,1.0,0.0019,-14.0,0.095,121555,316.6275414426231,15709,66,1.3419566151527533,0
5628,1.0,0.0019,-14.0,0.095,121687,316.6275414426231,15747,132,0.0,38
5629,1.0,0.0019,-14.0,0.095,121723,316.6275414426231,15725,36,0.0,-22
5630,1.0,0.0019,-14.0,0.095,121837,316.6275414426231,15761,114,0.0,36
5631,1.0,0.0019,-14.0,0.095,121885,316.6275414426231,15783,48,0.0,22
5632,1.0,0.0019,-14.0,0.095,121957,316.6275414426231,15737,72,0.0,-46
5633,1.0,0.0019,-14.0,0.095,121981,316.6275414426231,15737,24,0.0,0
5634,1.0,0.0019,-14.0,0.095,122005,316.6275414426231,15747,24,0.0,10
5635,1.0,0.0019,-14.0,0.095,122065,316.6275414426231,15747,60,0.0,0
5636,1.0,0.0019,-14.0,0.095,122089,316.6275414426231,15753,24,0.0,6
5637,1.0,0.0019,-14.0,0.095,122149,316.6275414426231,15771,60,0.0,18
5638,1.0,0.0019,-14.0,0.095,122197,316.6275414426231,15759,48,0.0,-12
5639,1.0,0.0019,-14.0,0.095,122269,316.6275414426231,15749,72,0.0,-10
5640,1.0,0.0019,-14.0,0.095,122341,316.6275414426231,15793,72,0.0,44
5641,1.0,0.0019,-14.0,0.095,122401,316.6275414426231,15835,60,0.0,42
5642,1.0,0.0019,-14.0,0.095,122473,316.6275414426231,15841,72,0.0,6
5643,1.0,0.0019,-14.0,0.095,122509,316.6275414426231,15839,36,0.0,-2
5644,1.0,0.0019,-14.0,0.095,122545,316.6275414426231,15791,36,0.0,-48
5645,1.0,0.0019,-14.0,0.095,122605,316.6275414426231,15829,60,0.0,38
5646,1.0,0.0019,-14.0,0.095,122689,316.6275414426231,15813,84,0.0,-16
5647,1.0,0.0019,-14.0,0.095,122755,317.52165280497013,15847,66,0.8941113623470187,34
5648,1.0,0.0019,-14.0,0.095,122791,317.52165280497013,15847,36,0.0,0
5649,1.0,0.0019,-14.0,0.095,122827,317.52165280497013,15843,36,0.0,-4
5650,1.0,0.0019,-14.0,0.095,122887,317.52165280497013,15843,60,0.0,0
5651,1.0,0.0019,-14.0,0.095,122959,317.52165280497013,15891,72,0.0,48
5652,1.0,0.0019,-14.0,0.095,122983,317.52165280497013,15889,24,0.0,-2
5653,1.0,0.0019,-14.0,0.095,123043,317.52165280497013,15877,60,0.0,-12
5654,1.0,0.0019,-14.0,0.095,123055,317.52165280497013,15853,12,0.0,-24
5655,1.0,0.0019,-14.0,0.095,123091,317.52165280497013,15853,36,0.0,0
5656,1.0,0.0019,-14.0,0.095,123139,317.52165280497013,15889,48,0.0,36
5657,1.0,0.0019,-14.0,0.095,123169,317.52165280497013,15875,30,0.0,-14
5658,1.0,0.0019,-14.0,0.095,123193,317.52165280497013,15877,24,0.0,2
5659,1.0,0.0019,-14.0,0.095,123241,317.52165280497013,15893,48,0.0,16
5660,1.0,0.0019,-14.0,0.095,123301,317.52165280497013,15921,60,0.0,28
5661,1.0,0.0019,-14.0,0.095,123325,317.52165280497013,15923,24,0.0,2
5662,1.0,0.0019,-14.0,0.095,123409,317.52165280497013,15953,84,0.0,30
5663,1.0,0.0019,-14.0,0.095,123421,317.52165280497013,15957,12,0.0,4
5664,1.0,0.0019,-14.0,0.095,123481,317.52165280497013,15947,60,0.0,-10
5665,1.0,0.0019,-14.0,0.095,123553,317.52165280497013,15919,72,0.0,-28
5666,1.0,0.0019,-14.0,0.095,123625,317.52165280497013,15887,72,0.0,-32
5667,1.0,0.0019,-14.0,0.095,123703,318.86360720533787,15907,78,1.3419544003677402,20
5668,1.0,0.0019,-14.0,0.095,123799,318.86360720533787,15913,96,0.0,6
5669,1.0,0.0019,-14.0,0.095,123871,318.86360720533787,15939,72,0.0,26
5670,1.0,0.0019,-14.0,0.095,123895,318.86360720533787,15927,24,0.0,-12
5671,1.0,0.0019,-14.0,0.095,123931,318.86360720533787,15911,36,0.0,-16
5672,1.0,0.0019,-14.0,0.095,123979,318.86360720533787,15913,48,0.0,2
5673,1.0,0.0019,-14.0,0.095,124063,318.86360720533787,15917,84,0.0,4
5674,1.0,0.0019,-14.0,0.095,124135,318.86360720533787,15925,72,0.0,8
5675,1.0,0.0019,-14.0,0.095,124219,318.86360720533787,15935,84,0.0,10
5676,1.0,0.0019,-14.0,0.095,124291,318.86360720533787,15973,72,0.0,38
5677,1.0,0.0019,-14.0,0.095,124351,318.86360720533787,15961,60,0.0,-12
5678,1.0,0.0019,-14.0,0.095,124423,318.86360720533787,15955,72,0.0,-6
5679,1.0,0.0019,-14.0,0.095,124471,318.86360720533787,15939,48,0.0,-16
5680,1.0,0.0019,-14.0,0.095,124555,318.86360720533787,15979,84,0.0,40
5681,1.0,0.0019,-14.0,0.095,124603,318.86360720533787,15991,48,0.0,12
5682,1.0,0.0019,-14.0,0.095,124675,318.86360720533787,16017,72,0.0,26
5683,1.0,0.0019,-14.0,0.095,124759,318.86360720533787,16001,84,0.0,-16
5684,1.0,0.0019,-14.0,0.095,124879,318.86360720533787,15983,120,0.0,-18
5685,1.0,0.0019,-14.0,0.095,125011,318.86360720533787,15921,132,0.0,-62
5686,1.0,0.0019,-14.0,0.095,125047,318.86360720533787,15935,36,0.0,14
5687,1.0,0.0019,-14.0,0.095,125089,319.7577207824699,15941,42,0.8941135771320319,6
5688,1.0,0.0019,-14.0,0.095,125161,319.7577207824699,15927,72,0.0,-14
5689,1.0,0.0019,-14.0,0.095,125197,319.7577207824699,15939,36,0.0,12
5690,1.0,0.0019,-14.0,0.095,125209,319.7577207824699,15951,12,0.0,12
5691,1.0,0.0019,-14.0,0.095,125245,319.7577207824699,15969,36,0.0,18
5692,1.0,0.0019,-14.0,0.095,125293,319.7577207824699,15969,48,0.0,0
5693,1.0,0.0019,-14.0,0.095,125365,319.7577207824699,15985,72,0.0,16
5694,1.0,0.0019,-14.0,0.095,125401,319.7577207824699,15997,36,0.0,12
5695,1.0,0.0019,-14.0,0.095,125425,319.7577207824699,15985,24,0.0,-12
5696,1.0,0.0019,-14.0,0.095,125521,319.7577207824699,16019,96,0.0,34
5697,1.0,0.0019,-14.0,0.095,125617,319.7577207824699,16029,96,0.0,10
5698,1.0,0.0019,-14.0,0.095,125653,319.7577207824699,16039,36,0.0,10
5699,1.0,0.0019,-14.0,0.095,125713,319.7577207824699,16031,60,0.0,-8
5700,1.0,0.0019,-14.0,0.095,125809,319.7577207824699,16043,96,0.0,12
5701,1.0,0.0019,-14.0,0.095,125821,319.7577207824699,16043,12,0.0,0
5702,1.0,0.0019,-14.0,0.095,125857,319.7577207824699,16055,36,0.0,12
5703,1.0,0.0019,-14.0,0.095,125977,319.7577207824699,16087,120,0.0,32
5704,1.0,0.0019,-14.0,0.095,126037,319.7577207824699,16111,60,0.0,24
5705,1.0,0.0019,-14.0,0.095,126085,319.7577207824699,16133,48,0.0,22
5706,1.0,0.0019,-14.0,0.095,126145,319.7577207824699,16139,60,0.0,6
5707,1.0,0.0019,-14.0,0.095,126223,321.0996729988992,16127,78,1.3419522164293198,-12
5708,1.0,0.0019,-14.0,0.095,126295,321.0996729988992,16155,72,0.0,28
5709,1.0,0.0019,-14.0,0.095,126355,321.0996729988992,16157,60,0.0,2
5710,1.0,0.0019,-14.0,0.095,126379,321.0996729988992,16181,24,0.0,24
5711,1.0,0.0019,-14.0,0.095,126463,321.0996729988992,16179,84,0.0,-2
5712,1.0,0.0019,-14.0,0.095,126487,321.0996729988992,16151,24,0.0,-28
5713,1.0,0.0019,-14.0,0.095,126547,321.0996729988992,16157,60,0.0,6
5714,1.0,0.0019,-14.0,0.095,126583,321.0996729988992,16179,36,0.0,22
5715,1.0,0.0019,-14.0,0.095,126655,321.0996729988992,16197,72,0.0,18
5716,1.0,0.0019,-14.0,0.095,126667,321.0996729988992,16183,12,0.0,-14
5717,1.0,0.0019,-14.0,0.095,126727,321.0996729988992,16157,60,0.0,-26
5718,1.0,0.0019,-14.0,0.095,126751,321.0996729988992,16171,24,0.0,14
5719,1.0,0.0019,-14.0,0.095,126811,321.0996729988992,16135,60,0.0,-36
5720,1.0,0.0019,-14.0,0.095,126859,321.0996729988992,16131,48,0.0,-4
5721,1.0,0.0019,-14.0,0.095,126919,321.0996729988992,16115,60,0.0,-16
5722,1.0,0.0019,-14.0,0.095,126955,321.0996729988992,16087,36,0.0,-28
5723,1.0,0.0019,-14.0,0.095,127015,321.0996729988992,16121,60,0.0,34
5724,1.0,0.0019,-14.0,0.095,127051,321.0996729988992,16125,36,0.0,4
5725,1.0,0.0019,-14.0,0.095,127087,321.0996729988992,16141,36,0.0,16
5726,1.0,0.0019,-14.0,0.095,127147,321.0996729988992,16185,60,0.0,44
5727,1.0,0.0019,-14.0,0.095,127189,321.99378875996973,16199,42,0.894115761070509,14
5728,1.0,0.0019,-14.0,0.095,127261,321.99378875996973,16209,72,0.0,10
5729,1.0,0.0019,-14.0,0.095,127285,321.99378875996973,16185,24,0.0,-24
5730,1.0,0.0019,-14.0,0.095,127381,321.99378875996973,16179,96,0.0,-6
5731,1.0,0.0019,-14.0,0.095,127453,321.99378875996973,16191,72,0.0,12
5732,1.0,0.0019,-14.0,0.095,127549,321.99378875996973,16217,96,0.0,26
5733,1.0,0.0019,-14.0,0.095,127597,321.99378875996973,16229,48,0.0,12
5734,1.0,0.0019,-14.0,0.095,127669,321.99378875996973,16215,72,0.0,-14
5735,1.0,0.0019,-14.0,0.095,127717,321.99378875996973,16217,48,0.0,2
5736,1.0,0.0019,-14.0,0.095,127789,321.99378875996973,16225,72,0.0,8
5737,1.0,0.0019,-14.0,0.095,127837,321.99378875996973,16241,48,0.0,16
5738,1.0,0.0019,-14.0,0.095,127873,321.99378875996973,16243,36,0.0,2
5739,1.0,0.0019,-14.0,0.095,127909,321.99378875996973,16251,36,0.0,8
5740,1.0,0.0019,-14.0,0.095,127909,321.99378875996973,16251,0,0.0,0
5741,1.0,0.0019,-14.0,0.095,127981,321.99378875996973,16241,72,0.0,-10
5742,1.0,0.0019,-14.0,0.095,128053,321.99378875996973,16253,72,0.0,12
5743,1.0,0.0019,-14.0,0.095,128089,321.99378875996973,16275,36,0.0,22
5744,1.0,0.0019,-14.0,0.095,128161,321.99378875996973,16221,72,0.0,-54
5745,1.0,0.0019,-14.0,0.095,128209,321.99378875996973,16221,48,0.0,0
5746,1.0,0.0019,-14.0,0.095,128257,321.99378875996973,16265,48,0.0,44
5747,1.0,0.0019,-14.0,0.095,128323,323.3357388226671,16297,66,1.3419500626973786,32
5748,1.0,0.0019,-14.0,0.095,128395,323.3357388226671,16339,72,0.0,42
5749,1.0,0.0019,-14.0,0.095,128467,323.3357388226671,16363,72,0.0,24
5750,1.0,0.0019,-14.0,0.095,128539,323.3357388226671,16375,72,0.0,12
5751,1.0,0.0019,-14.0,0.095,128587,323.3357388226671,16381,48,0.0,6
5752,1.0,0.0019,-14.0,0.095,128647,323.3357388226671,16381,60,0.0,0
5753,1.0,0.0019,-14.0,0.095,128719,323.3357388226671,16383,72,0.0,2
5754,1.0,0.0019,-14.0,0.095,128755,323.3357388226671,16397,36,0.0,14
5755,1.0,0.0019,-14.0,0.095,128815,323.3357388226671,16377,60,0.0,-20
5756,1.0,0.0019,-14.0,0.095,128839,323.3357388226671,16389,24,0.0,12
5757,1.0,0.0019,-14.0,0.095,128875,323.3357388226671,16377,36,0.0,-12
5758,1.0,0.0019,-14.0,0.095,128983,323.3357388226671,16323,108,0.0,-54
5759,1.0,0.0019,-14.0,0.095,129043,323.3357388226671,16327,60,0.0,4
5760,1.0,0.0019,-14.0,0.095,129115,323.3357388226671,16327,72,0.0,0
5761,1.0,0.0019,-14.0,0.095,129163,323.3357388226671,16345,48,0.0,18
5762,1.0,0.0019,-14.0,0.095,129211,323.3357388226671,16345,48,0.0,0
5763,1.0,0.0019,-14.0,0.095,129235,323.3357388226671,16355,24,0.0,10
5764,1.0,0.0019,-14.0,0.095,129331,323.3357388226671,16389,96,0.0,34
5765,1.0,0.0019,-14.0,0.095,129403,323.3357388226671,16413,72,0.0,24
5766,1.0,0.0019,-14.0,0.095,129523,323.3357388226671,16395,120,0.0,-18
5767,1.0,0.0019,-14.0,0.095,129611,324.2298567374695,16398,88,0.8941179148023934,3
5768,1.0,0.0019,-14.0,0.095,129673,324.2298567374695,16383,62,0.0,-15
5769,1.0,0.0019,-14.0,0.095,129745,324.2298567374695,16409,72,0.0,26
5770,1.0,0.0019,-14.0,0.095,129817,324.2298567374695,16421,72,0.0,12
5771,1.0,0.0019,-14.0,0.095,129889,324.2298567374695,16431,72,0.0,10
5772,1.0,0.0019,-14.0,0.095,129949,324.2298567374695,16437,60,0.0,6
5773,1.0,0.0019,-14.0,0.095,130033,324.2298567374695,16471,84,0.0,34
5774,1.0,0.0019,-14.0,0.095,130069,324.2298567374695,16469,36,0.0,-2
5775,1.0,0.0019,-14.0,0.095,130189,324.2298567374695,16419,120,0.0,-50
5776,1.0,0.0019,-14.0,0.095,130225,324.2298567374695,16383,36,0.0,-36
5777,1.0,0.0019,-14.0,0.095,130333,324.2298567374695,16409,108,0.0,26
5778,1.0,0.0019,-14.0,0.095,130405,324.2298567374695,16429,72,0.0,20
5779,1.0,0.0019,-14.0,0.095,130477,324.2298567374695,16455,72,0.0,26
5780,1.0,0.0019,-14.0,0.095,130531,324.2298567374695,16441,54,0.0,-14
5781,1.0,0.0019,-14.0,0.095,130567,324.2298567374695,16453,36,0.0,12
5782,1.0,0.0019,-14.0,0.095,130615,324.2298567374695,16433,48,0.0,-20
5783,1.0,0.0019,-14.0,0.095,130675,324.2298567374695,16493,60,0.0,60
5784,1.0,0.0019,-14.0,0.095,130747,324.2298567374695,16469,72,0.0,-24
5785,1.0,0.0019,-14.0,0.095,130795,324.2298567374695,16491,48,0.0,22
5786,1.0,0.0019,-14.0,0.095,130831,324.2298567374695,16491,36,0.0,0
5787,1.0,0.0019,-14.0,0.095,130861,325.5718046760192,16485,30,1.3419479385497084,-6
5788,1.0,0.0019,-14.0,0.095,130885,325.5718046760192,16495,24,0.0,10
5789,1.0,0.0019,-14.0,0.095,130921,325.5718046760192,16519,36,0.0,24
5790,1.0,0.0019,-14.0,0.095,130993,325.5718046760192,16503,72,0.0,-16
5791,1.0,0.0019,-14.0,0.095,131029,325.5718046760192,16503,36,0.0,0
5792,1.0,0.0019,-14.0,0.095,131077,325.5718046760192,16503,48,0.0,0
5793,1.0,0.0019,-14.0,0.095,131161,325.5718046760192,16525,84,0.0,22
5794,1.0,0.0019,-14.0,0.095,131209,325.5718046760192,16539,48,0.0,14
5795,1.0,0.0019,-14.0,0.095,131281,325.5718046760192,16561,72,0.0,22
5796,1.0,0.0019,-14.0,0.095,131341,325.5718046760192,16565,60,0.0,4
5797,1.0,0.0019,-14.0,0.095,131377,325.5718046760192,16573,36,0.0,8
5798,1.0,0.0019,-14.0,0.095,131473,325.5718046760192,16599,96,0.0,26
5799,1.0,0.0019,-14.0,0.095,131497,325.5718046760192,16591,24,0.0,-8
5800,1.0,0.0019,-14.0,0.095,131569,325.5718046760192,16571,72,0.0,-20
5801,1.0,0.0019,-14.0,0.095,131629,325.5718046760192,16571,60,0.0,0
5802,1.0,0.0019,-14.0,0.095,131725,325.5718046760192,16575,96,0.0,4
5803,1.0,0.0019,-14.0,0.095,131785,325.5718046760192,16587,60,0.0,12
5804,1.0,0.0019,-14.0,0.095,131833,325.5718046760192,16587,48,0.0,0
5805,1.0,0.0019,-14.0,0.095,131905,325.5718046760192,16605,72,0.0,18
5806,1.0,0.0019,-14.0,0.095,131977,325.5718046760192,16601,72,0.0,-4
5807,1.0,0.0019,-14.0,0.095,132033,326.4659247149693,16627,56,0.8941200389500636,26
5808,1.0,0.0019,-14.0,0.095,132079,326.4659247149693,16613,46,0.0,-14
5809,1.0,0.0019,-14.0,0.095,132199,326.4659247149693,16575,120,0.0,-38
5810,1.0,0.0019,-14.0,0.095,132247,326.4659247149693,16573,48,0.0,-2
5811,1.0,0.0019,-14.0,0.095,132295,326.4659247149693,16585,48,0.0,12
5812,1.0,0.0019,-14.0,0.095,132427,326.4659247149693,16599,132,0.0,14
5813,1.0,0.0019,-14.0,0.095,132487,326.4659247149693,16609,60,0.0,10
5814,1.0,0.0019,-14.0,0.095,132547,326.4659247149693,16565,60,0.0,-44
5815,1.0,0.0019,-14.0,0.095,132607,326.4659247149693,16561,60,0.0,-4
5816,1.0,0.0019,-14.0,0.095,132631,326.4659247149693,16565,24,0.0,4
5817,1.0,0.0019,-14.0,0.095,132691,326.4659247149693,16555,60,0.0,-10
5818,1.0,0.0019,-14.0,0.095,132739,326.4659247149693,16537,48,0.0,-18
5819,1.0,0.0019,-14.0,0.095,132799,326.4659247149693,16571,60,0.0,34
5820,1.0,0.0019,-14.0,0.095,132871,326.4659247149693,16587,72,0.0,16
5821,1.0,0.0019,-14.0,0.095,132895,326.4659247149693,16593,24,0.0,6
5822,1.0,0.0019,-14.0,0.095,132979,326.4659247149693,16589,84,0.0,-4
5823,1.0,0.0019,-14.0,0.095,133015,326.4659247149693,16583,36,0.0,-6
5824,1.0,0.0019,-14.0,0.095,133133,326.4659247149693,16557,118,0.0,-26
5825,1.0,0.0019,-14.0,0.095,133217,326.4659247149693,16591,84,0.0,34
5826,1.0,0.0019,-14.0,0.095,133253,326.4659247149693,16603,36,0.0,12
5827,1.0,0.0019,-14.0,0.095,133355,327.8078705583501,16630,102,1.3419458433808131,27
5828,1.0,0.0019,-14.0,0.095,133413,327.8078705583501,16616,58,0.0,-14
5829,1.0,0.0019,-14.0,0.095,133475,327.8078705583501,16643,62,0.0,27
5830,1.0,0.0019,-14.0,0.095,133547,327.8078705583501,16653,72,0.0,10
5831,1.0,0.0019,-14.0,0.095,133609,327.8078705583501,16675,62,0.0,22
5832,1.0,0.0019,-14.0,0.095,133657,327.8078705583501,16671,48,0.0,-4
5833,1.0,0.0019,-14.0,0.095,133729,327.8078705583501,16687,72,0.0,16
5834,1.0,0.0019,-14.0,0.095,133789,327.8078705583501,16735,60,0.0,48
5835,1.0,0.0019,-14.0,0.095,133825,327.8078705583501,16733,36,0.0,-2
5836,1.0,0.0019,-14.0,0.095,133849,327.8078705583501,16691,24,0.0,-42
5837,1.0,0.0019,-14.0,0.095,133921,327.8078705583501,16693,72,0.0,2
5838,1.0,0.0019,-14.0,0.095,133957,327.8078705583501,16709,36,0.0,16
5839,1.0,0.0019,-14.0,0.095,133981,327.8078705583501,16693,24,0.0,-16
5840,1.0,0.0019,-14.0,0.095,133993,327.8078705583501,16705,12,0.0,12
5841,1.0,0.0019,-14.0,0.095,134041,327.8078705583501,16697,48,0.0,-8
5842,1.0,0.0019,-14.0,0.095,134089,327.8078705583501,16709,48,0.0,12
5843,1.0,0.0019,-14.0,0.095,134185,327.8078705583501,16645,96,0.0,-64
5844,1.0,0.0019,-14.0,0.095,134185,327.8078705583501,16645,0,0.0,0
5845,1.0,0.0019,-14.0,0.095,134197,327.8078705583501,16657,12,0.0,12
5846,1.0,0.0019,-14.0,0.095,134319,327.8078705583501,16686,122,0.0,29
5847,1.0,0.0019,-14.0,0.095,134358,327.8078705583501,16664,39,0.0,-22
5848,1.0,0.0019,-14.0,0.095,134437,328.7019926924691,16671,79,0.8941221341190158,7
5849,1.0,0.0019,-14.0,0.095,134553,328.7019926924691,16675,116,0.0,4
5850,1.0,0.0019,-14.0,0.095,134553,328.7019926924691,16675,0,0.0,0
5851,1.0,0.0019,-14.0,0.095,134577,328.7019926924691,16679,24,0.0,4
5852,1.0,0.0019,-14.0,0.095,134601,328.7019926924691,16679,24,0.0,0
5853,1.0,0.0019,-14.0,0.095,134669,328.7019926924691,16693,68,0.0,14
5854,1.0,0.0019,-14.0,0.095,134755,328.7019926924691,16679,86,0.0,-14
5855,1.0,0.0019,-14.0,0.095,134839,328.7019926924691,16689,84,0.0,10
5856,1.0,0.0019,-14.0,0.095,134911,328.7019926924691,16707,72,0.0,18
5857,1.0,0.0019,-14.0,0.095,135007,328.7019926924691,16739,96,0.0,32
5858,1.0,0.0019,-14.0,0.095,135067,328.7019926924691,16703,60,0.0,-36
5859,1.0,0.0019,-14.0,0.095,135103,328.7019926924691,16675,36,0.0,-28
5860,1.0,0.0019,-14.0,0.095,135163,328.7019926924691,16651,60,0.0,-24
5861,1.0,0.0019,-14.0,0.095,135247,328.7019926924691,16649,84,0.0,-2
5862,1.0,0.0019,-14.0,0.095,135319,328.7019926924691,16649,72,0.0,0
5863,1.0,0.0019,-14.0,0.095,135391,328.7019926924691,16675,72,0.0,26
5864,1.0,0.0019,-14.0,0.095,135439,328.7019926924691,16701,48,0.0,26
5865,1.0,0.0019,-14.0,0.095,135475,328.7019926924691,16711,36,0.0,10
5866,1.0,0.0019,-14.0,0.095,135535,328.7019926924691,16744,60,0.0,33
5867,1.0,0.0019,-14.0,0.095,135647,328.7019926924691,16746,112,0.0,2
5868,1.0,0.0019,-14.0,0.095,135746,328.7019926924691,16768,99,0.0,22
5869,1.0,0.0019,-14.0,0.095,135809,330.04393646907073,16775,63,1.3419437766016244,7
5870,1.0,0.0019,-14.0,0.095,135821,330.04393646907073,16773,12,0.0,-2
5871,1.0,0.0019,-14.0,0.095,135885,330.04393646907073,16779,64,0.0,6
5872,1.0,0.0019,-14.0,0.095,135959,330.04393646907073,16760,74,0.0,-19
5873,1.0,0.0019,-14.0,0.095,135983,330.04393646907073,16774,24,0.0,14
5874,1.0,0.0019,-14.0,0.095,136019,330.04393646907073,16772,36,0.0,-2
5875,1.0,0.0019,-14.0,0.095,136055,330.04393646907073,16764,36,0.0,-8
5876,1.0,0.0019,-14.0,0.095,136069,330.04393646907073,16765,14,0.0,1
5877,1.0,0.0019,-14.0,0.095,136117,330.04393646907073,16791,48,0.0,26
5878,1.0,0.0019,-14.0,0.095,136177,330.04393646907073,16779,60,0.0,-12
5879,1.0,0.0019,-14.0,0.095,136239,330.04393646907073,16802,62,0.0,23
5880,1.0,0.0019,-14.0,0.095,136275,330.04393646907073,16824,36,0.0,22
5881,1.0,0.0019,-14.0,0.095,136359,330.04393646907073,16864,84,0.0,40
5882,1.0,0.0019,-14.0,0.095,136407,330.04393646907073,16886,48,0.0,22
5883,1.0,0.0019,-14.0,0.095,136421,330.04393646907073,16888,14,0.0,2
5884,1.0,0.0019,-14.0,0.095,136525,330.04393646907073,16896,104,0.0,8
5885,1.0,0.0019,-14.0,0.095,136589,330.04393646907073,16885,64,0.0,-11
5886,1.0,0.0019,-14.0,0.095,136649,330.04393646907073,16887,60,0.0,2
5887,1.0,0.0019,-14.0,0.095,136651,330.04393646907073,16889,2,0.0,2
5888,1.0,0.0019,-14.0,0.095,136713,330.04393646907073,16897,62,0.0,8
5889,1.0,0.0019,-14.0,0.095,136749,330.04393646907073,16907,36,0.0,10
5890,1.0,0.0019,-14.0,0.095,136802,330.04393646907073,16932,53,0.0,25
5891,1.0,0.0019,-14.0,0.095,136890,330.9380606699689,16970,88,0.8941242008981476,38
5892,1.0,0.0019,-14.0,0.095,136925,330.9380606699689,16965,35,0.0,-5
5893,1.0,0.0019,-14.0,0.095,136961,330.9380606699689,16945,36,0.0,-20
5894,1.0,0.0019,-14.0,0.095,137021,330.9380606699689,16869,60,0.0,-76
5895,1.0,0.0019,-14.0,0.095,137033,330.9380606699689,16869,12,0.0,0
5896,1.0,0.0019,-14.0,0.095,137085,330.9380606699689,16898,52,0.0,29
5897,1.0,0.0019,-14.0,0.095,137183,330.9380606699689,16921,98,0.0,23
5898,1.0,0.0019,-14.0,0.095,137231,330.9380606699689,16935,48,0.0,14
5899,1.0,0.0019,-14.0,0.095,137245,330.9380606699689,16946,14,0.0,11
5900,1.0,0.0019,-14.0,0.095,137293,330.9380606699689,16938,48,0.0,-8
5901,1.0,0.0019,-14.0,0.095,137317,330.9380606699689,16938,24,0.0,0
5902,1.0,0.0019,-14.0,0.095,137365,330.9380606699689,16926,48,0.0,-12
5903,1.0,0.0019,-14.0,0.095,137451,330.9380606699689,16875,86,0.0,-51
5904,1.0,0.0019,-14.0,0.095,137535,330.9380606699689,16875,84,0.0,0
5905,1.0,0.0019,-14.0,0.095,137619,330.9380606699689,16835,84,0.0,-40
5906,1.0,0.0019,-14.0,0.095,137691,330.9380606699689,16853,72,0.0,18
5907,1.0,0.0019,-14.0,0.095,137751,330.9380606699689,16857,60,0.0,4
5908,1.0,0.0019,-14.0,0.095,137871,330.9380606699689,16847,120,0.0,-10
5909,1.0,0.0019,-14.0,0.095,137921,330.9380606699689,16843,50,0.0,-4
5910,1.0,0.0019,-14.0,0.095,137937,330.9380606699689,16844,16,0.0,1
5911,1.0,0.0019,-14.0,0.095,137985,330.9380606699689,16844,48,0.0,0
5912,1.0,0.0019,-14.0,0.095,138001,330.9380606699689,16847,16,0.0,3
5913,1.0,0.0019,-14.0,0.095,138039,330.9380606699689,16823,38,0.0,-24
5914,1.0,0.0019,-14.0,0.095,138076,330.9380606699689,16849,37,0.0,26
5915,1.0,0.0019,-14.0,0.095,138172,330.9380606699689,16881,96,0.0,32
5916,1.0,0.0019,-14.0,0.095,138236,332.28000240760804,16912,64,1.3419417376391607,31
5917,1.0,0.0019,-14.0,0.095,138274,332.28000240760804,16919,38,0.0,7
5918,1.0,0.0019,-14.0,0.095,138298,332.28000240760804,16903,24,0.0,-16
5919,1.0,0.0019,-14.0,0.095,138376,332.28000240760804,16916,78,0.0,13
5920,1.0,0.0019,-14.0,0.095,138421,332.28000240760804,16929,45,0.0,13
5921,1.0,0.0019,-14.0,0.095,138471,332.28000240760804,16966,50,0.0,37
5922,1.0,0.0019,-14.0,0.095,138511,332.28000240760804,16976,40,0.0,10
5923,1.0,0.0019,-14.0,0.095,138547,332.28000240760804,16976,36,0.0,0
5924,1.0,0.0019,-14.0,0.095,138643,332.28000240760804,16982,96,0.0,6
5925,1.0,0.0019,-14.0,0.095,138703,332.28000240760804,16990,60,0.0,8
5926,1.0,0.0019,-14.0,0.095,138765,332.28000240760804,16972,62,0.0,-18
5927,1.0,0.0019,-14.0,0.095,138779,332.28000240760804,16973,14,0.0,1
5928,1.0,0.0019,-14.0,0.095,138863,332.28000240760804,16981,84,0.0,8
5929,1.0,0.0019,-14.0,0.095,138947,332.28000240760804,16997,84,0.0,16
5930,1.0,0.0019,-14.0,0.095,138983,332.28000240760804,17031,36,0.0,34
5931,1.0,0.0019,-14.0,0.095,139007,332.28000240760804,17035,24,0.0,4
5932,1.0,0.0019,-14.0,0.095,139105,332.28000240760804,17043,98,0.0,8
5933,1.0,0.0019,-14.0,0.095,139153,332.28000240760804,17039,48,0.0,-4
5934,1.0,0.0019,-14.0,0.095,139225,332.28000240760804,17057,72,0.0,18
5935,1.0,0.0019,-14.0,0.095,139251,332.28000240760804,17060,26,0.0,3
5936,1.0,0.0019,-14.0,0.095,139339,332.28000240760804,17082,88,0.0,22
5937,1.0,0.0019,-14.0,0.095,139413,332.28000240760804,17097,74,0.0,15
5938,1.0,0.0019,-14.0,0.095,139429,332.28000240760804,17111,16,0.0,14
5939,1.0,0.0019,-14.0,0.095,139491,332.28000240760804,17118,62,0.0,7
5940,1.0,0.0019,-14.0,0.095,139503,332.28000240760804,17128,12,0.0,10
5941,1.0,0.0019,-14.0,0.095,139553,332.28000240760804,17138,50,0.0,10
5942,1.0,0.0019,-14.0,0.095,139627,332.28000240760804,17158,74,0.0,20
5943,1.0,0.0019,-14.0,0.095,139679,332.28000240760804,17173,52,0.0,15
5944,1.0,0.0019,-14.0,0.095,139749,332.28000240760804,17157,70,0.0,-16
5945,1.0,0.0019,-14.0,0.095,139821,332.28000240760804,17192,72,0.0,35
5946,1.0,0.0019,-14.0,0.095,139837,332.28000240760804,17208,16,0.0,16
5947,1.0,0.0019,-14.0,0.095,139869,332.28000240760804,17166,32,0.0,-42
5948,1.0,0.0019,-14.0,0.095,139923,332.28000240760804,17189,54,0.0,23
5949,1.0,0.0019,-14.0,0.095,139985,332.28000240760804,17205,62,0.0,16
5950,1.0,0.0019,-14.0,0.095,140024,332.28000240760804,17225,39,0.0,20
5951,1.0,0.0019,-14.0,0.095,140110,332.28000240760804,17219,86,0.0,-6
5952,1.0,0.0019,-14.0,0.095,140152,333.17412864746865,17195,42,0.8941262398606113,-24
5953,1.0,0.0019,-14.0,0.095,140200,333.17412864746865,17205,48,0.0,10
5954,1.0,0.0019,-14.0,0.095,140224,333.17412864746865,17213,24,0.0,8
5955,1.0,0.0019,-14.0,0.095,140262,333.17412864746865,17235,38,0.0,22
5956,1.0,0.0019,-14.0,0.095,140312,333.17412864746865,17233,50,0.0,-2
5957,1.0,0.0019,-14.0,0.095,140384,333.17412864746865,17211,72,0.0,-22
5958,1.0,0.0019,-14.0,0.095,140458,333.17412864746865,17222,74,0.0,11
5959,1.0,0.0019,-14.0,0.095,140530,333.17412864746865,17152,72,0.0,-70
5960,1.0,0.0019,-14.0,0.095,140554,333.17412864746865,17142,24,0.0,-10
5961,1.0,0.0019,-14.0,0.095,140590,333.17412864746865,17120,36,0.0,-22
5962,1.0,0.0019,-14.0,0.095,140712,333.17412864746865,17114,122,0.0,-6
5963,1.0,0.0019,-14.0,0.095,140800,333.17412864746865,17147,88,0.0,33
5964,1.0,0.0019,-14.0,0.095,140828,333.17412864746865,17151,28,0.0,4
5965,1.0,0.0019,-14.0,0.095,140884,333.17412864746865,17161,56,0.0,10
5966,1.0,0.0019,-14.0,0.095,140932,333.17412864746865,17153,48,0.0,-8
5967,1.0,0.0019,-14.0,0.095,140944,333.17412864746865,17163,12,0.0,10
5968,1.0,0.0019,-14.0,0.095,140956,333.17412864746865,17175,12,0.0,12
5969,1.0,0.0019,-14.0,0.095,140980,333.17412864746865,17193,24,0.0,18
5970,1.0,0.0019,-14.0,0.095,141020,333.17412864746865,17199,40,0.0,6
5971,1.0,0.0019,-14.0,0.095,141070,333.17412864746865,17219,50,0.0,20
5972,1.0,0.0019,-14.0,0.095,141142,333.17412864746865,17242,72,0.0,23
5973,1.0,0.0019,-14.0,0.095,141190,333.17412864746865,17246,48,0.0,4
5974,1.0,0.0019,-14.0,0.095,141238,333.17412864746865,17248,48,0.0,2
5975,1.0,0.0019,-14.0,0.095,141266,333.17412864746865,17248,28,0.0,0
5976,1.0,0.0019,-14.0,0.095,141358,333.17412864746865,17259,92,0.0,11
5977,1.0,0.0019,-14.0,0.095,141434,333.17412864746865,17270,76,0.0,11
5978,1.0,0.0019,-14.0,0.095,141450,333.17412864746865,17278,16,0.0,8
5979,1.0,0.0019,-14.0,0.095,141512,333.17412864746865,17278,62,0.0,0
5980,1.0,0.0019,-14.0,0.095,141572,333.17412864746865,17282,60,0.0,4
5981,1.0,0.0019,-14.0,0.095,141656,333.17412864746865,17330,84,0.0,48
5982,1.0,0.0019,-14.0,0.095,141716,333.17412864746865,17340,60,0.0,10
5983,1.0,0.0019,-14.0,0.095,141764,333.17412864746865,17354,48,0.0,14
5984,1.0,0.0019,-14.0,0.095,141872,333.17412864746865,17280,108,0.0,-74
5985,1.0,0.0019,-14.0,0.095,141946,333.17412864746865,17304,74,0.0,24
5986,1.0,0.0019,-14.0,0.095,141990,333.17412864746865,17316,44,0.0,12
5987,1.0,0.0019,-14.0,0.095,142043,333.17412864746865,17327,53,0.0,11
